0.325102
0.252044
0.376031
0.253019
0.335544
0.379547
0.335566
0.296272
0.362806
0.34645
0.450157
0.357227
0.395092
0.381766
0.3247
0.310096
0.284143
0.410469
0.264502
0.090202
0.277503
0.296649
0.165071
0.336674
0.267832
0.332454
0.32079
0.284734
0.328381
0.386027
0.357548
0.279336
0.415323
0.383053
0.310209
0.375346
0.405374
0.336418
0.313768
0.402139
0.232457
0.324478
0.300384
0.338117
0.428894
0.33265
0.30515
0.311632
0.290255
0.206696
0.260236
0.382552
0.399654
0.231458
0.261577
0.423776
0.343751
0.322362
0.416135
0.167329
0.369162
0.332389
0.366021
0.242636
0.400304
0.368527
0.221573
0.325644
0.390671
0.318417
0.304258
0.25526
0.324221
0.250857
0.37962
0.327791
0.339663
0.328854
0.334587
0.40165
0.322641
0.411472
0.399516
0.362076
0.342058
0.337244
0.341688
0.181759
0.393421
0.317907
0.390062
0.393438
0.27991
0.336164
0.444666
0.325116
0.381331
0.0667411
0.412386
0.315226
0.298638
0.304688
0.292272
0.425441
0.389227
0.364545
0.238859
0.368773
0.368211
0.324064
0.265344
0.260166
0.282822
0.389374
0.306755
0.404945
0.308623
0.310054
0.301961
0.314554
0.404643
0.367933
0.376801
0.411188
0.201098
0.388215
0.33798
0.256954
0.428097
0.378008
0.343683
0.323312
0.180337
0.369677
0.465406
0.382738
0.171572
0.255911
0.152518
0.258381
0.322821
0.315111
0.403379
0.388664
0.446241
0.298248
0.253202
0.35427
0.353399
0.153434
0.322883
0.404751
0.423817
0.305895
0.397024
0.383525
0.349403
0.35921
0.333881
0.31837
0.218448
0.348177
0.417534
0.387036
0.273134
0.222945
0.287087
0.311948
0.298538
0.272973
0.455633
0.111736
0.349854
0.315095
0.186302
0.384565
0.332613
0.298921
0.349966
0.429512
0.320771
0.31806
0.263502
0.352076
0.298609
0.208534
0.349261
0.35735
0.443601
0.292545
0.348484
0.221388
0.315252
0.237522
0.388013
0.364962
0.27891
0.383511
0.380213
0.383667
0.325286
0.336434
0.373915
0.243966
0.233242
0.288506
0.311946
0.312346
0.359216
0.342906
0.323184
0.335834
0.326533
0.336663
0.279651
0.335518
0.281527
0.367116
0.314783
0.274323
0.38277
0.186755
0.382654
0.395733
0.320967
0.369565
0.208458
0.314617
0.198973
0.288837
0.342825
0.216349
0.360077
0.378013
0.277935
0.141524
0.255878
0.367931
0.203095
0.401337
0.408333
0.335766
0.400566
0.2201
0.213967
0.340253
0.35019
0.297032
0.28166
0.224008
0.321224
0.209742
0.338812
0.303834
0.360837
0.165877
0.360653
0.327398
0.370593
0.345843
0.352538
0.409244
0.282462
0.314495
0.404721
0.396933
0.294801
0.251613
0.307117
0.299101
0.306778
0.337939
0.32517
0.338301
0.32495
0.380406
0.356205
0.402515
0.238607
0.338037
0.396758
0.466141
0.36961
0.443168
0.381973
0.437255
0.340806
0.0577583
0.334921
0.297759
0.451254
0.394071
0.328212
0.423148
0.324661
0.440886
0.257856
0.391631
0.349435
0.18847
0.366481
0.222971
0.353814
0.318756
0.367167
0.345495
0.357316
0.283545
0.405847
0.280345
0.382306
0.183657
0.415488
0.330816
0.318604
0.319047
0.241969
0.177283
0.297628
0.34479
0.188596
0.344983
0.408466
0.35611
0.341207
0.374509
0.321981
0.346748
0.308442
0.345409
0.433075
0.272361
0.369308
0.37478
0.33114
0.391799
0.420304
0.26091
0.33046
0.274392
0.253179
0.415888
0.328043
-0.0590935
0.322044
0.278415
0.354693
0.231218
0.186617
0.403299
0.252783
0.353212
0.301995
0.4016
0.452955
0.312584
0.294408
0.402579
0.267823
0.304288
0.238992
0.40028
0.379078
0.345057
0.194211
0.341304
0.360776
0.397446
0.242301
0.323423
0.398806
0.371838
0.259756
0.24491
0.264283
0.380835
0.28644
0.320054
0.175147
0.427204
0.264102
0.227809
0.261009
0.461018
0.395569
0.350938
0.340296
0.225114
0.381609
0.365625
0.406172
0.413724
0.168401
0.358465
0.196456
0.302682
0.361185
0.163965
0.219125
0.368632
0.363025
0.303997
0.420679
0.398453
0.298039
0.442008
0.29992
0.344805
0.274011
0.294022
0.346898
0.387042
0.373901
0.434268
0.226808
0.312432
0.26581
0.273904
0.368777
0.331458
0.375169
0.285472
0.338872
0.366595
0.333697
0.25155
0.256001
0.334251
0.254568
0.424062
0.392269
0.359702
0.31406
0.275588
0.37133
0.427078
0.312369
0.311587
0.379777
0.354754
0.40938
0.25761
0.285231
0.388507
0.284954
0.365361
0.308667
0.419044
0.323604
0.350495
0.288876
0.373422
0.374532
0.320872
0.211175
0.407748
0.369956
0.290543
0.24439
0.422696
0.372111
0.316137
0.401831
0.307862
0.389596
0.177285
0.35574
0.357569
0.172824
0.272886
0.344758
0.352674
0.367493
0.411707
0.278423
0.307205
0.315082
0.426515
0.380055
0.252024
0.306259
0.29722
0.291964
0.34188
0.364999
0.219798
0.31348
0.21489
0.334903
0.380244
0.35346
0.395169
0.419842
0.409015
0.258071
0.343918
0.341964
0.249641
0.312867
0.38488
0.366565
0.315885
0.437311
0.299085
0.124085
0.277604
0.421507
0.0688342
0.274877
0.429255
0.287828
0.208769
0.384569
0.414798
0.165539
0.327526
0.311754
0.258958
0.248695
0.293619
0.224058
0.346541
0.4645
0.353504
0.303629
0.356519
0.47132
0.386504
0.387993
0.362841
0.404336
0.273775
0.405418
0.153392
0.420265
0.420647
0.326079
0.311536
0.313898
0.240496
0.275456
0.413645
0.322452
0.274474
0.375996
0.18028
0.282582
0.336733
0.341476
0.261425
0.403878
0.344378
0.298511
0.276897
0.287215
0.342862
0.331275
0.33754
0.229166
0.311992
0.380595
0.40182
0.265633
0.365678
0.366524
0.259084
0.0680101
0.420626
0.32529
0.26879
0.383879
0.354395
0.343153
0.26287
0.34136
0.393572
0.378971
0.331877
0.425152
0.353275
0.304704
0.248579
0.312936
0.362915
0.364995
0.383407
0.267973
0.337144
0.283497
0.395111
0.377884
0.408165
0.322885
0.243206
0.311921
0.246267
0.243315
0.228471
0.399687
0.225663
0.19907
0.329297
0.271786
0.274796
0.402563
0.343975
0.388543
0.34185
0.413976
0.283125
0.375061
0.407682
0.32104
0.357347
0.370177
0.284339
0.32708
0.309232
0.358973
0.236702
0.41993
0.35065
0.373877
0.355991
0.333327
0.346868
0.384534
0.398827
0.295428
0.274222
0.320098
0.382391
0.34054
0.388909
0.269631
0.276777
0.29298
0.167561
0.394725
0.366947
0.427388
0.351413
0.296439
0.418003
0.394594
0.408456
0.263182
0.25326
0.328635
0.357032
0.361781
0.409695
0.219399
0.210052
0.434903
0.367117
0.202007
0.363087
0.358982
0.302712
0.367109
0.250041
0.32056
0.285964
0.215269
0.33094
0.38207
0.313041
0.35491
0.330507
0.25115
0.348688
0.271415
0.333311
0.303593
0.249752
0.298134
0.28618
0.285411
0.381764
0.387397
0.482206
0.254889
0.189324
0.342201
0.38366
0.408009
0.30486
0.296656
0.387771
0.349203
0.293743
0.298333
0.302714
0.353915
0.315594
0.319293
0.31032
0.399627
0.336731
0.344502
0.335582
0.367611
0.390533
0.231538
0.427295
0.281737
0.101261
0.291692
0.388296
0.100683
0.264257
0.447653
0.300385
0.439819
0.37733
0.233802
0.388323
0.28357
0.275001
0.320293
0.430409
0.324122
0.348401
0.314171
0.443074
0.408188
0.334938
0.414168
0.296187
0.449862
0.28259
0.269322
0.390081
0.366263
0.292497
0.400202
0.304355
0.365573
0.306885
0.298109
0.421328
0.195662
0.242871
0.367137
0.299077
0.327788
0.36278
0.290462
0.425338
0.340928
0.334958
0.249565
0.380093
0.271142
0.361164
0.282269
0.344146
0.37428
0.272541
0.367156
0.302037
0.281994
0.269213
0.358832
0.398722
0.431958
0.31088
0.268581
0.320143
0.211574
0.306627
0.378417
0.450949
0.15873
0.306914
0.301851
0.378137
0.378074
0.358662
0.34186
0.230883
0.265917
0.38167
0.375043
0.29505
0.14359
0.320554
0.297951
0.2682
0.404123
0.354683
0.358418
0.227108
0.300225
0.271569
0.308764
0.32657
0.273133
0.363511
0.435459
0.372643
0.239863
0.323205
0.442169
0.427133
0.338868
0.433435
0.467549
0.279555
0.269121
0.409006
0.246214
0.311923
0.391829
0.299686
0.284855
0.327272
0.24444
0.370066
0.258276
0.417101
0.34548
0.318132
0.430461
0.352561
0.434926
0.360934
0.392166
0.396228
0.24437
0.302694
0.398769
0.253905
0.230956
0.330628
0.344078
0.208836
0.408365
0.245012
0.405342
0.35681
0.297653
0.313816
0.373817
0.371866
0.334726
0.32798
0.249511
0.244943
0.370411
0.381616
0.306426
0.276825
0.389783
0.351746
0.405009
0.299139
0.295437
0.345252
0.195067
0.39037
0.28603
0.299413
0.307619
0.345529
0.292745
0.284102
0.294403
0.251827
0.368112
0.346925
0.372018
0.402942
0.293042
0.279406
0.33232
0.302398
0.316068
0.352909
0.373018
0.294837
0.231612
0.345287
0.311776
0.368634
0.412415
0.256577
0.176616
0.388571
0.25951
0.244831
0.366098
0.345989
0.287233
0.393462
0.30412
0.321897
0.338164
0.224597
0.454776
0.385948
0.300476
0.302531
0.322142
0.376358
0.36837
0.293801
0.351085
0.407438
0.382929
0.406277
0.232327
0.33517
0.310422
0.196896
0.467539
0.35971
0.275711
0.407681
0.342636
0.320403
0.259587
0.31047
0.372263
0.42835
0.321608
0.290312
0.356224
0.265921
0.236465
0.411394
0.265713
0.330805
0.317947
0.254895
0.362603
0.207268
0.306131
0.308799
0.27248
0.346976
0.373202
0.317009
0.357807
0.410966
0.338115
0.413676
0.247417
0.423109
0.350459
0.229181
0.255181
0.388212
0.265619
0.280644
0.176135
0.33845
0.367759
0.390381
0.292066
0.300178
0.298012
0.348942
0.309565
0.299518
0.308481
0.392753
0.372823
0.259888
0.285054
0.293381
0.262398
0.296179
0.3674
0.344922
0.312449
0.419044
0.307595
0.27056
0.414316
0.273761
0.363997
0.356489
0.436293
0.264485
0.298592
0.457541
0.278528
0.386547
0.342194
0.272247
0.276544
0.303226
0.391529
0.384589
0.345117
0.304831
0.331257
0.30276
0.227294
0.304785
0.305768
0.360383
0.324016
0.411745
0.204362
0.260704
0.334878
0.387555
-0.0665233
0.406063
0.36467
0.314546
0.177008
0.355445
0.358595
0.325634
0.390548
0.434526
0.133478
0.353086
0.291096
0.336672
0.345
0.268478
0.399681
0.364794
0.253373
0.360996
0.384136
0.403858
0.346259
0.340576
0.321616
0.294323
0.2943
0.278351
0.274139
0.475738
0.38948
0.370201
0.200718
0.386221
0.290585
0.375294
0.272855
0.286848
0.397418
0.434383
0.223888
0.309234
0.324226
0.360052
0.309402
0.301587
0.35951
0.27431
0.262015
0.387424
0.212655
0.40649
0.261782
0.306455
0.400856
0.337629
0.315829
0.381356
0.377782
0.342401
0.356278
0.259751
0.352697
0.393302
0.141431
0.363199
0.186029
0.361634
0.234932
0.353939
0.350955
0.421268
0.420212
0.328031
0.268731
0.405476
0.376936
0.292013
0.282862
0.287971
0.142737
0.362063
0.307466
0.193877
0.380377
0.33289
0.198072
0.305678
0.35652
0.18932
0.254709
0.355699
0.211208
0.418066
0.430383
0.309221
0.301518
0.340301
0.289195
0.298353
0.331532
0.278149
0.273133
0.3604
0.321893
0.349915
0.275937
0.282448
0.243184
0.374856
0.360102
0.382227
0.269025
0.287791
0.348083
0.384011
0.352408
0.383249
0.337217
0.401356
0.319307
0.332937
0.346306
0.239309
0.250021
0.389517
0.218248
0.302773
0.267525
0.3213
0.231888
0.126105
0.41071
0.375487
0.427249
0.175199
0.443706
0.234309
0.209692
0.323545
0.359812
0.334185
0.436185
0.275359
0.370575
0.288117
0.306214
0.310113
0.327144
0.432816
0.277595
0.353388
0.312932
0.419055
0.352916
0.249785
0.355779
0.401637
0.329471
0.222537
0.279298
0.427781
0.340494
0.381648
0.487198
0.236919
0.248212
0.353365
0.285014
0.424677
0.399384
0.300121
0.249693
0.238671
0.234362
0.41746
0.407095
0.44354
0.436217
0.247524
0.254856
0.383448
0.362511
0.396131
0.268856
0.406134
0.339249
0.362203
0.33664
0.302764
0.331848
0.180636
0.303054
0.422409
0.332285
0.322199
0.439276
0.285851
0.148498
0.405782
0.178205
0.330658
0.306044
0.386187
0.371331
0.361803
0.351528
0.21307
0.332698
0.381458
0.410038
0.283232
0.291341
0.438824
0.431552
0.359771
0.393227
0.376483
0.356336
0.361536
0.358327
0.0234391
0.30772
0.333932
0.376681
0.326248
0.331254
0.421666
0.338749
0.438413
0.318865
0.285209
0.249988
0.302957
0.421442
0.213658
0.319038
0.226176
0.41001
0.286325
0.35221
0.289972
0.29081
0.296853
0.291399
0.378428
0.204091
0.363148
0.287543
0.328164
0.348119
0.377999
0.330744
0.341605
0.413755
0.377704
0.326421
0.197399
0.331543
0.245889
0.428889
0.367987
0.379227
0.387163
0.407895
0.30855
0.467447
0.377245
0.267363
0.390105
0.299169
0.424256
0.247156
0.393663
0.381469
0.241734
0.33237
0.306273
0.316289
0.26075
0.158291
0.318205
0.324988
0.293951
0.236418
0.44157
0.268125
0.322307
0.471744
0.266536
0.319421
0.281938
0.246189
0.365911
0.342078
0.288013
0.338443
0.339574
0.303773
0.355959
0.284397
0.257019
0.3567
0.338884
0.352629
0.361505
0.304061
0.223945
0.323756
0.265002
0.376004
0.376991
0.277206
0.340762
0.36768
0.206574
0.376061
0.348374
0.33729
0.425535
0.338034
0.370693
0.321451
0.383631
0.429864
0.310785
0.366314
0.4075
0.439453
0.365931
0.369594
0.418903
0.298745
0.368137
0.312964
0.37178
0.305518
0.166689
0.350277
0.313237
0.374025
0.306244
0.285705
0.378361
0.382135
0.341893
0.398772
0.36067
0.417624
0.355258
0.45629
0.362164
0.324248
0.285774
0.244443
0.414439
0.459539
0.344827
0.32714
0.371554
0.334627
0.33058
0.354672
0.304137
0.22076
0.31698
0.414377
0.319793
0.206678
0.249348
0.369724
0.295483
0.195817
0.297682
0.347312
0.138051
0.392529
0.300873
0.136114
0.376816
0.359896
0.200007
0.376885
0.291992
0.316069
0.406037
0.272571
0.377725
0.395436
0.349355
0.294876
0.439418
0.351214
0.236291
0.22567
0.11906
0.183027
0.273031
0.37681
0.320297
0.358517
0.429573
0.314684
0.354266
0.308513
0.363714
0.339457
0.384194
0.387721
0.286461
0.262212
0.28199
0.460931
0.383399
0.4613
0.214787
0.313409
0.42041
0.192978
0.369081
0.337007
0.283336
0.345556
0.405549
0.369135
0.309661
0.356532
0.403184
0.334546
0.395783
0.389667
0.278695
0.299458
0.254087
0.258501
0.351634
0.233245
0.296634
0.352064
0.349955
0.314752
0.373052
0.338953
0.317529
0.381196
0.304088
0.328748
0.271307
0.333196
0.360431
0.263521
0.428706
0.360842
0.295673
0.208055
0.347101
0.333444
0.278863
0.328869
0.291889
0.359483
0.245337
0.447213
0.351626
0.436742
0.355016
0.373639
0.316808
0.344072
0.334365
0.276022
0.395435
0.306244
0.36371
0.360627
0.261254
0.431163
0.307228
0.319584
0.193601
0.429697
0.428013
0.353988
0.284722
0.371109
0.359964
0.267833
0.391128
0.161796
0.323208
0.398274
0.176429
0.308457
0.407553
0.383084
0.23989
0.330497
0.277747
0.305588
0.393217
0.428577
0.207048
0.355552
0.304701
0.358383
0.243767
0.354539
0.371856
0.344383
0.314603
0.32367
0.366775
0.204452
0.18111
0.328952
0.290471
0.350609
0.306762
0.340655
0.419851
0.393364
0.439457
0.432617
0.320055
0.321242
0.325496
0.227183
0.2393
0.213303
0.321865
0.400092
0.278313
0.349046
0.423255
0.360351
0.210295
0.378393
0.230004
0.233799
0.327385
0.368691
0.387128
0.251898
0.349265
0.366382
0.325536
0.258718
0.23116
0.37508
0.398506
0.273053
0.383808
0.374765
0.334821
0.29882
0.341233
0.370824
0.386668
0.134169
0.315513
0.375314
0.302871
0.367517
0.277837
0.364459
0.313131
0.314899
0.275134
0.365451
0.379274
0.372133
0.343203
0.296515
0.31284
0.193903
0.372808
0.317279
0.259203
0.318258
0.245594
0.273595
0.29619
0.264045
0.337243
0.269871
0.367577
0.379275
0.383838
0.21845
0.23296
0.236556
0.29651
0.260362
0.275362
0.277199
0.33491
0.378505
0.338582
0.38772
0.294484
0.205544
0.412381
0.378071
0.274877
0.366887
0.383236
0.347588
0.385108
0.331301
0.307354
0.379441
0.333118
0.371292
0.311479
0.246293
0.410626
0.239236
0.345364
0.286429
0.405314
0.359208
0.254683
0.334684
0.369267
0.355545
0.353187
0.297001
0.321552
0.430476
0.133412
0.193236
0.378624
0.207387
0.271691
0.428333
0.286
0.357376
0.396957
0.175858
0.413384
0.326466
0.368836
0.290165
0.371423
0.327448
0.194201
0.334628
0.348888
0.338964
0.429045
0.378042
0.291492
0.239491
0.299148
0.480065
0.26516
0.2632
0.360224
0.420302
0.342229
0.326948
0.324472
0.286882
0.299243
0.300124
0.428594
0.381083
0.317828
0.334127
0.340382
0.30203
0.225325
0.361305
0.311246
0.304055
0.356613
0.374989
0.331933
0.198852
0.23136
0.314152
0.114286
0.241683
0.357084
0.370962
0.375172
0.20526
0.233128
0.374436
0.345967
0.343238
0.317244
0.26473
0.352503
0.177693
0.378937
0.282926
0.279648
0.370994
0.3978
0.279428
0.374775
0.420949
0.331531
0.386539
0.323619
0.415995
0.322811
0.385135
0.385521
0.327546
0.439502
0.0738231
0.366601
0.292777
0.315495
0.40239
0.359041
0.372728
0.253907
0.273023
0.313679
0.348059
0.300593
0.283662
0.318009
0.303847
0.319767
0.255929
0.379515
0.434824
0.196796
0.207673
0.402477
0.233559
0.299858
0.295543
0.352663
0.309649
0.429087
0.320147
0.379505
0.460462
0.410367
0.433125
0.351237
0.199955
0.455373
0.389319
0.25937
0.384844
0.260501
0.370572
0.392615
0.300464
0.343841
0.224732
0.126725
0.249688
0.212507
0.348153
0.400223
0.385105
0.143238
0.322997
0.296429
0.308033
0.380762
0.410611
0.299386
0.149934
0.248117
0.249145
0.260114
0.316496
0.297693
0.408555
0.357458
0.342355
0.4006
0.372499
0.350136
0.230914
0.328133
0.363142
0.376016
0.382455
0.371404
0.252718
0.344282
0.214911
0.365332
0.297743
0.35561
0.251008
0.378877
0.42308
0.312797
0.376655
0.263379
0.315528
0.32769
0.377578
0.385522
0.339894
0.221719
0.260835
0.343353
0.306688
0.379606
0.370881
0.248337
0.384111
0.292931
0.295238
0.41397
0.27576
0.352766
0.411062
0.327697
0.330944
0.365628
0.43297
0.371819
0.321983
0.261598
0.369068
0.320698
0.361036
0.271781
0.264046
0.401097
0.382891
0.436639
0.326951
0.401304
0.320644
0.392146
0.334655
0.289877
0.284416
0.380697
0.284691
0.247353
0.445832
0.47878
0.28637
0.366972
0.402699
0.360965
0.356472
0.373343
0.346107
0.432926
0.396796
0.331902
0.340734
0.438178
0.368021
0.321631
0.353191
0.351626
0.430281
0.380272
0.434839
0.372174
0.309324
0.332192
0.306632
0.308453
0.214045
0.294617
0.376114
0.332783
0.408473
0.353306
0.262492
0.340129
0.431191
0.328886
0.447035
0.407388
0.301498
0.234816
0.354774
0.361845
0.358431
0.453736
0.283158
0.417455
0.399117
0.34292
0.243171
0.352002
0.417605
0.38088
0.373649
0.267697
0.280492
0.386009
0.388226
0.207887
0.348839
0.293367
0.376497
0.357044
0.36975
0.328633
0.266965
0.285211
0.35437
0.317331
0.227512
0.430498
0.343983
0.313389
0.295194
0.339216
0.369524
0.161557
0.346115
0.358129
0.348445
0.328998
0.419481
0.412082
0.293001
0.288988
0.357939
0.298115
0.279295
0.276647
0.233048
0.373152
0.375394
0.0991957
0.397822
0.371528
0.350022
0.39629
0.208137
0.264831
0.239474
0.331312
0.332449
0.369824
0.357767
0.285505
0.300059
0.318099
0.385657
0.338976
0.386564
0.224919
0.265354
0.439091
0.355301
0.316671
0.293062
0.411553
0.375393
0.25782
0.393767
0.390407
0.411247
0.41708
0.287984
0.170229
0.224009
0.195506
0.281254
0.399846
0.32828
0.382777
0.324275
0.356519
0.388237
0.298045
0.165313
0.235499
0.320852
0.00470325
0.311247
0.362408
0.244763
0.300921
0.379452
0.255972
0.341399
0.418164
0.365286
0.279576
0.400095
0.362063
0.275769
0.370667
0.33132
0.211349
0.370829
0.336778
0.273552
0.334559
0.349187
0.320275
0.360577
0.370184
0.270914
0.301047
0.370122
0.297388
0.302348
0.367954
0.373003
0.365739
0.217819
0.385701
0.343477
0.318166
0.277415
0.4619
0.369277
0.408473
0.301683
0.340958
0.415135
0.367423
0.299685
0.31204
0.307087
0.0998446
0.352915
0.400465
0.26866
0.282007
0.357612
0.406769
0.331516
0.403932
0.318589
0.374183
0.358682
0.337887
0.320223
0.303969
0.283521
0.281163
0.417563
0.287626
0.386798
0.233014
0.262233
0.320802
0.287135
0.355805
0.391407
0.319348
0.325493
0.37218
0.375757
0.324707
0.319732
0.267821
0.36892
0.284226
0.297513
0.344382
0.357958
0.365507
0.409113
0.395296
0.342414
0.355555
0.347084
0.302993
0.308675
0.396042
0.268927
0.357089
0.351255
0.279413
0.398616
0.384313
0.384928
0.32038
0.349451
0.38519
0.378137
0.326322
0.248876
0.325228
0.371949
0.349999
0.369012
0.389732
0.360407
0.275428
0.368744
0.383153
0.273861
0.338316
0.384633
0.108677
0.297476
0.3868
0.377621
0.278449
0.396006
0.19459
0.356426
0.272474
0.188958
0.196071
0.271558
0.342174
0.363188
0.330892
0.418723
0.240162
0.340417
0.165689
0.258157
0.427495
0.394964
0.201219
0.260245
0.293985
0.374447
0.230356
0.30419
0.317297
0.358757
0.339274
0.454315
0.213475
0.275619
0.387926
0.34388
0.421226
0.470708
0.33171
0.308268
0.345072
0.34631
0.206909
0.296677
0.345131
0.282568
0.289419
0.398024
0.328556
0.379605
0.360838
0.0575772
0.225244
0.282474
0.380209
0.369332
0.312949
0.346515
0.351411
0.212087
0.25812
0.339965
0.352149
0.308183
0.305297
0.467324
0.296526
0.19075
0.380196
0.304712
0.343633
0.318678
0.397308
0.369287
0.37838
0.317354
0.351769
0.439843
0.430695
0.270675
0.378993
0.340269
0.316241
0.335359
0.401513
0.317573
0.342042
0.381671
0.390754
0.264672
0.397119
0.0605046
0.277189
0.343856
0.310345
0.363375
0.327891
0.434347
0.354703
0.268884
0.354546
0.218561
0.398964
0.421299
0.447557
0.157099
0.288135
0.347567
0.346468
0.323976
0.452561
0.40403
0.402107
0.275614
0.295908
0.277695
0.333119
0.356572
0.28296
0.248661
0.399252
0.371573
0.322883
0.3617
0.457919
0.322211
0.308119
0.411625
0.400021
0.351213
0.348291
0.310025
0.236077
0.249356
0.401215
0.358081
0.383167
0.241985
0.262052
0.379837
0.41668
0.382007
0.29912
0.356545
0.407282
0.461552
0.258402
0.354785
0.281849
0.360665
0.393433
0.227399
0.374679
0.251847
0.301801
0.408035
0.177415
0.281847
0.280352
0.338819
0.36954
0.330719
0.243863
0.366414
0.38739
0.110509
0.354497
0.398682
0.367863
0.287619
0.323506
0.202115
0.327053
0.198987
0.394851
0.336082
0.196039
0.214989
0.167557
0.368709
0.374911
0.26586
0.138604
0.323951
0.372467
0.381204
0.486725
0.307973
0.33123
0.35715
0.410239
0.337073
0.237801
0.364855
0.262683
0.409184
0.285657
0.33563
0.28881
0.231981
0.357687
0.315078
0.340375
0.279186
0.23657
0.338464
0.298149
0.233795
0.277825
0.168823
0.26817
0.321662
0.323054
0.233963
0.341839
0.327993
0.284183
0.27216
0.138707
0.314983
0.335378
0.298821
0.437734
0.353721
0.363854
0.39062
0.319785
0.421965
0.0443241
0.256485
0.342625
0.322696
0.429203
0.213221
0.398477
0.339968
0.160073
0.237491
0.219909
0.365322
0.274248
0.372873
0.301879
0.340777
0.256548
0.427924
0.282007
0.301903
0.385993
0.407202
0.239294
0.283423
0.100615
0.198335
0.342439
0.218149
0.402868
0.273903
0.349296
0.375586
0.29482
0.23982
0.280782
0.357134
0.350421
0.438302
0.331789
0.382246
0.33443
0.32647
0.374213
0.349222
0.463318
0.371392
0.291335
0.305326
0.387752
0.219403
0.39816
0.395752
0.271609
0.330489
0.403692
0.425757
0.38042
0.431205
0.341494
0.37067
0.332004
0.372244
0.304097
0.349459
0.265611
0.340297
0.300911
0.294104
0.441431
0.315473
0.393739
0.392436
0.33398
0.365452
0.289844
0.381347
0.36826
0.162058
0.320528
0.265156
0.332736
0.411741
0.363458
0.31294
0.293956
0.27951
0.303148
0.359591
0.0747814
0.349789
0.251134
0.336272
0.355082
0.216046
0.314282
0.233799
0.350263
0.3992
0.314638
0.183106
0.358985
0.385112
0.333672
0.309671
0.257533
0.358183
0.348049
0.361838
0.24254
0.454972
0.329721
0.265717
0.348101
0.378419
0.341542
0.380988
0.31785
0.288458
0.330586
0.27345
0.299512
0.377604
0.395589
0.327946
0.312101
0.38793
0.310889
0.337624
0.417317
0.228089
0.309539
0.148624
0.112048
0.29305
0.251657
0.420969
0.177871
0.381766
0.304572
0.331953
0.368307
0.189711
0.35657
0.380512
0.22728
0.247209
0.365566
0.454371
0.325559
0.233982
0.422186
0.317257
0.367661
0.273251
0.37811
0.302886
0.384315
0.320891
0.37055
0.328844
0.39971
0.193448
0.276455
0.237332
0.377924
0.299848
0.27214
0.322668
0.411438
0.317791
0.415421
0.316662
0.40904
0.337342
0.363006
0.323372
0.367434
0.323541
0.401242
0.327017
0.413987
0.397225
0.36573
0.22364
0.234532
0.38628
0.346528
0.347956
0.227699
0.355399
0.303017
0.329274
0.319882
0.312801
0.339998
0.26616
0.432441
0.28714
0.274348
0.319447
0.327725
0.393858
0.277937
0.287666
0.28705
0.391626
0.482674
0.369602
0.400146
0.294764
0.380151
0.414554
0.404025
0.37683
0.260321
0.34962
0.416219
0.228867
0.370751
0.359603
0.394239
0.362195
0.302836
0.239613
0.376999
0.42449
0.270676
0.400799
0.32712
0.33571
0.290538
0.315745
0.268223
0.400738
0.19805
0.367273
0.373585
0.335995
0.416205
0.162883
0.314677
0.383496
0.359292
0.383132
0.33774
0.194339
0.348106
0.32674
0.412
0.160291
0.360968
0.365193
0.304922
0.37901
0.289094
0.334155
0.272273
0.346345
0.388293
0.275949
0.418814
0.333222
0.161062
0.407871
0.316629
0.408189
0.344405
0.339251
0.320415
0.238757
0.14061
0.275919
0.269229
0.114266
0.422492
0.35624
0.394495
0.321265
0.361095
0.252899
0.325998
0.36459
0.357128
0.224114
0.285993
0.382983
0.339804
0.130673
0.328388
0.241203
0.312353
0.263833
0.397859
0.317978
0.422506
0.361962
0.438817
0.363009
0.308074
0.241845
0.348421
0.240103
0.323571
0.362254
0.428545
0.247301
0.425601
0.388699
0.41472
0.39777
0.357883
0.236289
0.371943
0.31295
0.0796703
0.211959
0.439079
0.306482
0.208669
0.396294
0.351793
0.338352
0.154009
0.288217
0.380644
0.210463
0.323521
0.334762
0.364975
0.362268
0.404561
0.342631
0.343918
0.331405
0.324716
0.298219
0.305779
0.363523
0.262562
0.309805
0.39104
0.382652
0.281541
0.363067
0.276653
0.271718
0.365297
0.190651
0.335985
0.30353
0.273917
0.326256
0.400177
0.375132
0.408656
0.284174
0.384205
0.346472
0.405914
0.301815
0.385791
0.254299
0.0143694
0.20271
0.296994
0.298265
0.367365
0.3626
0.408784
0.347276
0.284174
0.311975
0.393986
0.312165
0.351218
0.341996
0.31829
0.378025
0.258312
0.286986
0.314844
0.251255
0.278516
0.338848
0.292472
0.310262
0.267493
0.391256
0.189475
0.353322
0.387815
0.362401
0.344169
0.238318
0.189529
0.311033
0.247075
0.19606
0.353546
0.407561
0.389917
0.303104
0.233009
0.376111
0.341228
0.28337
0.326186
0.204897
0.331747
0.345977
0.311359
0.349391
0.441561
0.376011
0.258988
0.404933
0.363579
0.256848
0.287153
0.28341
0.274611
0.275819
0.393201
0.37077
0.261017
0.380147
0.344618
0.446939
0.407881
0.361287
0.332299
0.394202
0.315521
0.420351
0.330366
0.307157
0.219501
0.257384
0.324223
0.363754
0.311141
0.318874
0.439173
0.358607
0.384579
0.261444
0.399863
0.377548
0.404822
0.217025
0.239362
0.308356
0.269588
0.35218
0.391812
0.335004
0.367087
0.2963
0.296473
0.281115
0.326665
0.411887
0.396475
0.198729
0.316605
0.291325
0.346678
0.280405
0.256519
0.382143
0.191799
0.405958
0.330793
0.279223
0.263767
0.360895
0.377907
0.365032
0.229485
0.361489
0.324977
0.309767
0.298529
0.405757
0.346316
0.185968
0.339288
0.300257
0.364723
0.227327
0.345278
0.242304
0.155796
0.249974
0.348873
0.411657
0.353152
0.270327
0.37582
0.0778044
0.311999
0.386997
0.110459
0.241983
0.357223
0.449583
0.419714
0.46862
0.397104
0.279379
0.145689
0.33246
0.38972
0.319544
0.355874
0.280964
0.359035
0.421738
0.236333
0.381219
0.330387
0.412399
0.252752
0.361329
0.342684
0.391127
0.368759
0.305351
0.305445
0.254276
0.349473
0.365491
0.326355
0.345066
0.268274
0.284944
0.367197
0.345366
0.455782
0.298091
0.363047
0.283289
0.383945
0.390183
0.384611
0.275822
0.355357
0.339695
0.334824
0.380411
0.360469
0.300194
0.289447
0.349994
0.421438
0.273491
0.341218
0.365837
0.329856
0.393234
0.291691
0.330058
0.333267
0.212596
0.305105
0.391818
0.218949
0.336852
0.303162
0.405395
0.277518
0.334414
0.233878
0.374387
0.348172
0.389816
0.413148
0.316227
0.363827
0.238849
0.318878
0.314041
0.284809
0.336139
0.352452
0.258326
0.224038
0.446525
0.328246
0.295074
0.309277
0.233841
0.39906
0.326855
0.323253
0.310235
0.332062
0.372462
0.395015
0.330078
0.403489
0.374385
0.395654
0.251681
0.270673
0.254151
0.349205
0.253943
0.295324
0.237446
0.411151
0.25856
0.373929
0.335247
0.345972
0.331526
0.407569
0.305306
0.380238
0.209915
0.269453
0.292584
0.397618
0.252663
0.212665
0.241261
0.347404
0.261693
0.439716
0.197675
0.117136
0.24055
0.336675
0.384528
0.411667
0.401296
0.355672
0.277179
0.325545
0.394041
0.26105
0.262268
0.482811
0.351434
0.311258
0.33684
0.387708
0.419107
0.305124
0.360684
0.404366
0.317283
0.304692
0.438574
0.261158
0.343662
0.370793
0.305003
0.346527
0.358703
0.308806
0.333013
0.420837
0.388514
0.364302
0.373668
0.413305
0.184722
0.334409
0.308652
0.368159
0.361323
0.357749
0.262508
0.359348
0.382883
0.380305
0.298288
0.305472
0.373058
0.310981
0.135017
0.350038
0.265
0.298974
0.340015
0.375308
0.37456
0.356695
0.404193
0.202711
0.361007
0.11403
0.290646
0.347137
0.344571
0.183062
0.32684
0.282274
0.306417
0.305309
0.294753
0.333837
0.32539
0.298539
0.388917
0.341472
0.341138
0.355143
0.334728
0.361886
0.423509
0.249472
0.275731
0.295243
0.338135
0.367261
0.373619
0.278038
0.457971
0.29173
0.411803
0.212877
0.394056
0.252517
0.335951
0.312664
0.246055
0.361779
0.160427
0.420689
0.339113
0.212215
0.277405
0.305151
0.307867
0.243962
0.331656
0.399079
0.22882
0.455004
0.296671
0.41122
0.282077
0.283437
0.240988
0.33285
0.402258
0.140771
0.418744
0.417618
0.360918
0.419213
0.149445
0.367999
0.375688
0.151562
-0.00230986
0.311891
0.328109
0.337051
0.268962
0.37188
0.332493
0.308535
0.382268
0.357106
0.36353
0.218217
0.340384
0.459036
0.386055
0.318857
0.373054
0.38146
0.284871
0.26824
0.297414
0.363946
0.260194
0.365619
0.263406
0.349787
0.385118
0.177828
0.243214
0.425494
0.250592
0.322373
0.341103
0.290674
0.331071
0.311241
0.351776
0.300823
0.418666
0.294452
0.357823
0.330367
0.377415
0.30448
0.343863
0.379558
0.212844
0.327127
0.290817
0.355539
0.366732
0.440953
0.405185
0.386248
0.412979
0.363627
0.26562
0.354733
0.387971
0.308767
0.247246
0.246516
0.43436
0.393987
0.353128
0.37793
0.338182
0.275524
0.275652
0.344862
0.258504
0.351549
0.354235
0.440212
0.302081
0.246498
0.157861
0.197766
0.444605
0.366412
0.335002
0.348519
0.394746
0.305619
0.332846
0.422305
0.418543
0.370648
0.313961
0.295374
0.304444
0.29855
0.310139
0.191888
0.383814
0.333824
0.368513
0.220422
0.346788
0.316878
0.371107
0.323938
0.265024
0.42719
0.370172
0.342318
0.357932
0.127921
0.255768
0.20306
0.36499
0.292735
0.371019
0.245649
0.343371
0.306783
0.362144
0.24397
0.186385
0.343618
0.322051
0.346719
0.214038
0.173872
0.347306
0.233642
0.325074
0.421464
0.384472
0.377776
0.366076
0.311
0.358617
0.11319
0.318703
0.261901
0.285945
0.447194
0.14933
0.411874
0.35034
0.290819
0.363799
0.431491
0.364838
0.303868
0.433202
0.385131
0.351563
0.388075
0.419439
0.38335
0.236449
0.445952
0.261478
0.403885
0.204794
0.289025
0.353681
0.15044
0.384892
0.369972
0.196045
0.409273
0.363867
0.286283
0.149736
0.35292
0.238409
0.335833
0.321636
0.327903
0.217951
0.369181
0.283421
0.248654
0.335419
0.351183
0.369787
0.392237
0.423498
0.401828
0.208403
0.305823
0.0614547
0.298083
0.35281
0.318243
0.320371
0.291475
0.473082
0.35524
0.312416
0.345849
0.311515
0.368853
0.287879
0.259059
0.225301
0.236447
0.286777
0.346227
0.228337
0.226779
0.341962
0.256418
0.28738
0.306837
0.279097
0.33484
0.206
0.408949
0.406365
0.293162
0.340009
0.357094
0.279584
0.265403
0.277144
0.22565
0.38581
0.359863
0.379245
0.341344
0.155472
0.269046
0.288382
0.427645
0.351315
0.288187
0.264507
0.39464
0.362474
0.254093
0.291598
0.374188
0.348677
0.297584
0.388744
0.392385
0.368113
0.415592
0.281586
0.381947
0.238329
0.301851
0.327676
0.313439
0.416945
0.348282
0.354814
0.296975
0.330865
0.325824
0.270389
0.334643
0.271621
0.332141
0.250938
0.474634
0.381596
0.340781
0.235851
0.265223
0.377619
0.354974
0.346242
0.343327
0.332061
0.365578
0.349946
0.395037
0.384076
0.28175
0.157724
0.296736
0.130304
0.188909
0.388878
0.398989
0.226965
0.375429
0.339108
0.297093
0.355021
0.371009
0.392185
0.262788
0.336791
0.405802
0.408236
0.427092
0.266454
0.334631
0.413754
0.383645
0.299336
0.257856
0.41819
0.32544
0.341941
0.438069
0.331436
0.358349
0.285384
0.344434
0.344368
0.402913
0.383612
0.419252
0.26141
0.267088
0.394256
0.323634
0.354761
0.394098
0.364564
0.146922
0.294906
0.234246
0.330459
0.362876
0.435315
0.269575
0.416453
0.290522
0.368109
0.278054
0.344266
0.435701
0.356196
0.284121
0.330474
0.336071
0.42857
0.388632
0.317722
0.396313
0.486506
0.433509
0.331761
0.328602
0.300859
0.34306
0.294818
0.288855
0.396792
0.358331
0.339528
0.371405
0.403606
0.316224
0.30931
0.3815
0.369386
0.402505
0.282425
0.310181
0.344308
0.335782
0.373083
0.426088
0.322499
0.401467
0.269094
0.374137
0.34114
0.138283
0.311905
0.346816
0.322552
0.348865
0.446699
0.393701
0.275694
0.36437
0.206819
0.370002
0.32771
0.39616
0.368748
0.417443
0.340096
0.233521
0.3008
0.313138
0.223702
0.285322
0.32852
0.315264
0.43419
0.20189
0.364353
0.311273
0.332738
0.307883
0.286155
0.304748
0.244367
0.270772
0.102016
0.355609
0.406227
0.349756
0.398894
0.38967
0.435057
0.303632
0.279274
0.300356
0.336144
0.381008
0.31409
0.398183
0.340025
0.314774
0.401426
0.378292
0.254171
0.404471
0.341569
0.191942
0.317765
0.296924
0.337816
0.436849
-0.0227317
0.247053
0.396615
0.382786
0.266811
0.40527
0.273173
0.420222
0.235709
0.322666
0.256558
0.299771
0.380724
0.355299
0.220141
0.390112
0.257034
0.363536
0.224399
0.349595
0.359517
0.40848
0.403975
0.351023
0.414961
0.296746
0.297083
0.394015
0.362107
0.352176
0.336507
0.352268
0.330218
0.366589
0.258849
0.437198
0.315746
0.293254
0.279468
0.3967
0.295929
0.454829
0.407492
0.328052
0.443075
0.358441
0.444659
0.42181
0.45423
0.451184
0.409447
0.388786
0.326474
0.383057
0.206662
0.275794
0.382428
0.385286
0.407241
0.352837
0.290668
0.336507
0.341497
0.415458
0.367079
0.429063
0.32448
0.338022
0.310484
0.346791
0.424722
0.352678
0.332583
0.367532
0.424747
0.418049
0.330485
0.343447
0.231845
0.420849
0.338984
0.249391
0.275336
0.419327
0.348409
0.309102
0.426668
0.234194
0.275071
0.456618
0.247977
0.339445
0.257559
0.176258
0.389725
0.327324
0.303049
0.3363
0.319366
0.136094
0.285846
0.263543
0.353314
0.363865
0.366691
0.30119
0.332588
0.363331
0.344416
0.276725
0.409303
0.289445
0.416377
0.257432
0.307048
0.296456
0.27642
0.392544
0.308663
0.378227
0.394971
0.141169
0.389918
0.413096
0.461969
0.290853
0.119409
0.380353
0.332852
0.346351
0.31656
0.425784
0.231486
0.350163
0.45793
0.374262
0.261962
0.324493
0.248112
0.287623
0.334023
0.390797
0.31061
0.302886
0.37152
0.358766
0.34629
0.462664
0.272781
0.300854
0.290706
0.384638
0.439523
0.201199
0.349821
0.331129
0.35768
0.453483
0.17885
0.383707
0.359176
0.38075
0.346469
0.296479
0.472014
0.394099
0.38324
0.24048
0.22712
0.277755
0.276471
0.32777
0.271323
0.373841
0.271235
0.438351
0.275523
0.16232
0.375173
0.297255
0.274349
0.438452
0.447123
0.351501
0.39048
0.352389
0.303328
0.358663
0.308568
0.247655
0.340313
0.15283
0.343905
0.357482
0.213494
0.35905
0.40017
0.369988
0.23094
0.471569
0.392289
0.280106
0.442601
0.350606
0.384187
0.301996
0.349944
0.243963
0.277079
0.30218
0.283512
0.311798
0.461769
0.4425
0.399583
0.233241
0.288144
0.446412
0.143497
0.403742
0.386008
0.388761
0.252197
0.382118
0.0859563
0.33166
0.371815
0.259007
0.346818
0.439904
0.343437
0.429199
0.337717
0.191375
0.300143
0.174362
0.36717
0.273388
0.365064
0.16124
0.353669
0.295769
0.290048
0.230507
0.0182862
0.283932
0.325968
0.299928
0.41245
0.260107
0.316061
0.273084
0.343558
0.253894
0.312994
0.340638
0.147472
0.29431
0.2473
0.313978
0.291632
0.387772
0.396235
0.382594
0.359034
0.349407
0.267405
0.360278
0.394068
0.38136
0.265498
0.335466
0.37025
0.395591
0.289381
0.339677
0.355837
0.339302
0.384484
0.378878
0.33595
0.360198
0.266284
0.395941
0.364661
0.362701
0.308131
0.184046
0.315486
0.288698
0.3614
0.409671
0.348196
0.377282
0.419592
0.2999
0.336758
0.357268
0.276546
0.337058
0.323297
0.365836
0.418639
0.271797
0.330538
0.404751
0.341377
0.352572
0.2903
0.205877
0.285468
0.356571
0.359943
0.444429
0.287003
0.361976
0.204886
0.290466
0.308151
0.233844
0.267183
0.334761
0.337441
0.35924
0.321104
0.379393
0.362543
0.27677
0.406119
0.328233
0.163735
0.329185
0.211687
0.304574
0.316972
0.29852
0.271082
0.399955
0.276475
0.266373
0.31372
0.306089
0.348281
0.300698
0.310654
0.426844
0.401855
0.336355
0.218936
0.349745
0.347244
0.280335
0.198581
0.283572
0.251326
0.270905
0.118408
0.260715
0.423928
0.340303
0.379775
0.42284
0.214258
0.274767
0.330386
0.331302
0.367485
0.344885
0.345978
0.232301
0.353136
0.401871
0.350988
0.441805
0.309341
0.315942
0.326877
0.216172
0.377502
0.428057
0.286731
0.357593
0.428435
0.246131
0.280595
0.312239
0.335391
0.241833
0.204604
0.39435
0.256453
0.34783
0.367226
0.234439
0.348512
0.343373
0.307344
0.290841
0.181756
0.383809
0.294081
0.081406
0.244795
0.289416
0.248741
0.318338
0.355765
0.23143
0.297988
0.288834
0.302129
0.314687
0.218876
0.253093
0.388145
0.422774
0.424271
0.318557
0.461977
0.354301
0.269429
0.369794
0.266889
0.398756
0.292076
0.394768
0.365194
0.279289
0.315063
0.312074
0.30143
0.297507
0.253689
0.345628
0.366939
0.280344
0.254653
0.389429
0.256403
0.354845
0.372589
0.237814
0.251377
0.401097
0.22958
0.342625
0.282523
0.213012
0.315469
0.342196
0.380762
0.242146
0.417367
0.316066
0.282067
0.355742
0.420742
0.133197
0.376546
0.415273
0.295552
0.349471
0.314616
0.394256
0.314486
0.335878
0.390151
0.263967
0.291765
0.245843
0.409249
0.337967
0.398083
0.319674
0.304743
0.233783
0.33725
0.336775
