2.96341
2.67395
3.20529
2.67744
3.00998
3.22345
3.01008
2.84201
3.13876
3.06021
3.6374
3.11152
3.30629
3.23502
2.96165
2.89896
2.79385
3.39253
2.71925
2.19829
2.76818
2.84353
2.39541
3.01511
2.73161
2.99605
2.9446
2.79616
2.97788
3.25747
3.11307
2.77522
3.42069
3.24177
2.89943
3.20177
3.36346
3.01394
2.91447
3.34526
2.60572
2.96068
2.85871
3.02168
3.50198
2.99693
2.87832
2.90542
2.81791
2.5211
2.70356
3.23914
3.33141
2.60233
2.70848
3.47087
3.04762
2.95143
3.42545
2.40191
3.17039
2.99576
3.15468
2.64074
3.33502
3.1672
2.56928
2.96579
3.2823
2.93435
2.87463
2.6855
2.95955
2.66972
3.22383
2.97527
3.02875
2.97998
3.00565
3.34252
2.95265
3.39831
3.33065
3.13517
3.03978
3.0177
3.03808
2.44427
3.29718
2.93215
3.27902
3.29727
2.77743
3.01279
3.60143
2.96347
3.23274
2.14303
3.40359
2.92067
2.8516
2.87641
2.82594
3.48093
3.27454
3.14735
2.62764
3.16843
3.16561
2.95886
2.72236
2.70331
2.78871
3.27533
2.88498
3.36103
2.89278
2.89878
2.86517
2.91781
3.35933
3.16422
3.20925
3.39667
2.50344
3.26912
3.02106
2.69162
3.49709
3.21547
3.04731
2.95557
2.44003
3.17298
3.74115
3.24011
2.41421
2.68785
2.35993
2.6968
2.95343
2.92018
3.35221
3.27152
3.61168
2.85001
2.6781
3.09727
3.0931
2.36249
2.9537
3.35994
3.47112
2.88141
3.31688
3.24425
3.0741
3.12115
3.00247
2.93414
2.55901
3.06832
3.43367
3.26283
2.75154
2.57382
2.80539
2.90676
2.85119
2.75093
3.67399
2.25158
3.07623
2.92011
2.45791
3.24973
2.99676
2.85274
3.07676
3.50577
2.94451
2.93281
2.71555
3.08678
2.85148
2.52696
3.07343
3.11212
3.59454
2.82703
3.06976
2.56867
2.92078
2.62303
3.26804
3.14942
2.77358
3.24418
3.22692
3.245
2.96422
3.01402
3.19445
2.64538
2.60838
2.81099
2.90675
2.90844
3.12118
3.0437
2.95501
3.0113
2.96971
3.01506
2.77643
3.00986
2.78368
3.16014
2.91879
2.75605
3.24028
2.45928
3.23967
3.30979
2.94537
3.17242
2.52671
2.91808
2.49679
2.81229
3.04333
2.55216
3.12538
3.2155
2.76983
2.32971
2.68773
3.16421
2.50971
3.34078
3.38028
3.01099
3.33648
2.56443
2.54442
3.03147
3.07782
2.84508
2.7842
2.57735
2.94648
2.53082
3.02486
2.87288
3.12909
2.39773
3.12819
2.97353
3.17759
3.05737
3.08898
3.38549
2.78731
2.91756
3.35977
3.31638
2.83608
2.67241
2.88649
2.85348
2.88508
3.02087
2.96371
3.02252
2.96274
3.22792
3.10658
3.34737
2.62677
3.02132
3.31542
3.74631
3.17264
3.59175
3.2361
3.554
3.03401
2.1226
3.00716
2.84803
3.64467
3.30072
2.97713
3.46709
2.96148
3.57709
2.69489
3.28748
3.07425
2.46448
3.15697
2.57391
3.09509
2.9358
3.16039
3.05575
3.11195
2.79152
3.36614
2.77911
3.23785
2.44995
3.42166
2.98872
2.93515
2.93706
2.63841
2.43097
2.8475
3.05246
2.46486
3.05336
3.38104
3.10612
3.03586
3.19749
2.94977
3.06161
2.89202
3.05534
3.5278
2.74862
3.17112
3.19888
2.99016
3.28839
3.45009
2.70603
2.98712
2.75631
2.67802
3.424
2.97638
1.88841
2.95004
2.77168
3.0993
2.60152
2.45887
3.35176
2.6766
3.0922
2.86531
3.34225
3.65601
2.90945
2.8345
3.34772
2.73158
2.87475
2.62809
3.33489
3.22102
3.0537
2.48204
3.0363
3.12879
3.3192
2.63957
2.95606
3.32671
3.18389
2.70181
2.64869
2.71844
3.23016
2.80285
2.94141
2.42467
3.49164
2.71777
2.59003
2.70639
3.7107
3.3089
3.08137
3.03166
2.58102
3.2342
3.15271
3.36798
3.41136
2.40501
3.11752
2.48897
2.86813
3.1308
2.39224
2.56123
3.16773
3.13984
2.87355
3.45232
3.32476
2.84916
3.58428
2.85682
3.05253
2.75486
2.83295
3.06231
3.26287
3.19438
3.53524
2.58668
2.9088
2.72409
2.75446
3.16845
2.99159
3.20087
2.79905
3.02513
3.15754
3.00164
2.67219
2.68818
3.00413
2.68301
3.47259
3.29093
3.12355
2.91571
2.76086
3.18132
3.49088
2.90854
2.90523
3.22464
3.09959
3.38627
2.694
2.79811
3.27068
2.79702
3.1514
2.89296
3.4426
2.95685
3.07927
2.81245
3.19194
3.19761
2.94495
2.53542
3.37694
3.17438
2.81906
2.64687
3.46438
3.18528
2.92456
3.34354
2.8896
3.27652
2.43098
3.10434
3.11318
2.41787
2.7506
3.05231
3.08963
3.16202
3.39966
2.77171
2.88686
2.92006
3.48745
3.22609
2.67388
2.88292
2.84584
2.82471
3.03896
3.1496
2.56344
2.91324
2.54741
3.00708
3.22708
3.09339
3.30671
3.44734
3.38418
2.69568
3.0484
3.03935
2.66539
2.91065
3.2514
3.15739
2.92348
3.55436
2.85341
2.28333
2.76857
3.45726
2.14785
2.75815
3.50419
2.80831
2.52771
3.24975
3.41762
2.39676
2.97409
2.90594
2.6989
2.66203
2.83133
2.57751
3.06064
3.73483
3.0936
2.87203
3.10809
3.78301
3.26001
3.26794
3.13894
3.3576
2.75397
3.36371
2.36237
3.44985
3.45213
2.96771
2.90502
2.91502
2.6333
2.76036
3.4109
2.95182
2.75662
3.20511
2.43986
2.78778
3.01538
3.0371
2.70792
3.35502
3.05054
2.85108
2.76586
2.80589
3.0435
2.99077
3.01905
2.59459
2.90694
3.22891
3.34348
2.72343
3.15297
3.15719
2.69936
2.14595
3.452
2.96424
2.73519
3.24612
3.09787
3.04485
2.71322
3.03656
3.298
3.22046
2.99346
3.47918
3.09251
2.87647
2.66162
2.91094
3.1393
3.14958
3.24363
2.73214
3.01725
2.79133
3.30639
3.21483
3.37932
2.95371
2.64273
2.90664
2.65346
2.64311
2.59225
3.3316
2.58285
2.4971
2.98194
2.74645
2.75784
3.34763
3.04867
3.27087
3.03882
3.41283
2.78989
3.20031
3.37656
2.94568
3.1121
3.17549
2.79462
2.97212
2.89533
3.11999
2.62021
3.44786
3.08
3.19426
3.10555
2.99997
3.06217
3.24957
3.32683
2.8386
2.75566
2.9416
3.23829
3.03278
3.27284
2.73834
2.7654
2.82877
2.40258
3.30428
3.15929
3.49277
3.08363
2.84268
3.43644
3.30357
3.38098
2.71437
2.67831
2.97901
3.11057
3.13372
3.38808
2.56213
2.53181
3.53922
3.16014
2.50629
3.14015
3.12004
2.86826
3.1601
2.66681
2.9436
2.80098
2.54864
2.98927
3.23661
2.91138
3.10034
2.98734
2.67076
3.07073
2.74505
2.9999
2.87188
2.66578
2.84955
2.80183
2.79881
3.23501
3.26476
3.86254
2.68416
2.46708
3.04044
3.24496
3.37843
2.87712
2.84356
3.26675
3.07315
2.83183
2.85035
2.86826
3.09557
2.92224
2.93812
2.89989
3.33126
3.01537
3.05111
3.01016
3.16261
3.28155
2.6026
3.4922
2.78449
2.22534
2.82363
3.26955
2.22391
2.71834
3.62091
2.85871
3.57027
3.21197
2.61029
3.2697
2.79162
2.75863
2.94244
3.51129
2.95911
3.06937
2.91618
3.59114
3.37945
3.00724
3.41395
2.84166
3.63545
2.7878
2.73718
3.27912
3.15588
2.82684
3.33445
2.87503
3.15245
2.88552
2.84944
3.45619
2.48652
2.64156
3.16024
2.85338
2.97525
3.13863
2.81873
3.48031
3.03457
3.00733
2.66512
3.22629
2.74402
3.1307
2.78656
3.04946
3.19632
2.7493
3.16033
2.86548
2.78549
2.73678
3.11931
3.32625
3.52087
2.90225
2.73441
2.9418
2.5367
2.88445
3.21759
3.64265
2.37736
2.88565
2.86472
3.21614
3.21582
3.11848
3.03887
2.60038
2.72449
3.23452
3.20022
2.83708
2.33533
2.94358
2.8488
2.73299
3.3564
3.09925
3.1173
2.58768
2.85806
2.74563
2.89337
2.96987
2.75153
3.14224
3.5427
3.18798
2.6311
2.95511
3.58531
3.49121
3.02512
3.53004
3.75621
2.77606
2.73643
3.38413
2.65327
2.90665
3.28855
2.85586
2.79664
2.97297
2.64704
3.17494
2.69642
3.43113
3.05568
2.93312
3.51161
3.08909
3.53936
3.12957
3.29037
3.31251
2.6468
2.86818
3.32651
2.68063
2.60063
2.98787
3.04914
2.52792
3.38046
2.64905
3.36328
3.1095
2.84759
2.91467
3.19395
3.18403
3.00628
2.9761
2.66493
2.64881
3.17667
3.23423
2.88362
2.76558
3.27752
3.08521
3.3614
2.85363
2.83864
3.05461
2.48468
3.28068
2.80124
2.85475
2.88858
3.0559
2.82783
2.7937
2.83448
2.67318
3.16512
3.06243
3.1848
3.34976
2.82902
2.77549
2.99545
2.86696
2.92427
3.09075
3.18988
2.83623
2.60285
3.05478
2.90603
3.16774
3.40376
2.69026
2.429
3.27103
2.70091
2.64841
3.15506
3.05805
2.80597
3.2974
2.87406
2.94941
3.0219
2.5793
3.66822
3.25705
2.85909
2.86751
2.95047
3.20697
3.16641
2.83206
3.08207
3.37517
3.24112
3.36858
2.60528
3.00829
2.90033
2.49034
3.75615
3.12358
2.76133
3.37656
3.04245
2.94292
2.70119
2.90053
3.18605
3.49865
2.94815
2.81814
3.10667
2.7245
2.61939
3.39786
2.72373
2.98867
2.93233
2.68419
3.13776
2.52292
2.88239
2.89352
2.74907
3.06267
3.19082
2.9283
3.11433
3.39539
3.02167
3.41108
2.65751
3.46686
3.0791
2.59464
2.68522
3.2691
2.72338
2.78026
2.42758
3.0232
3.16335
3.28074
2.82512
2.85787
2.84905
3.07192
2.89672
2.85518
2.89218
3.29355
3.18889
2.70229
2.79741
2.83038
2.71149
2.84163
3.16156
3.05307
2.90887
3.4426
2.88848
2.74183
3.41481
2.75391
3.14464
3.10795
3.54795
2.71918
2.85141
3.68691
2.77211
3.26023
3.04041
2.74819
2.76451
2.87037
3.28693
3.24986
3.05398
2.877
2.99069
2.86845
2.58831
2.87681
2.88088
3.12687
2.95865
3.39988
2.51371
2.70528
3.00697
3.2656
1.87525
3.36736
3.14797
2.91777
2.43016
3.10291
3.11816
2.96575
3.28164
3.53685
2.30808
3.0916
2.82126
3.0151
3.05344
2.73402
3.33156
3.14858
2.67871
3.12987
3.24747
3.3549
3.05931
3.03295
2.94818
2.83416
2.83406
2.77143
2.75535
3.81489
3.27589
3.17562
2.50225
3.2585
2.81923
3.20151
2.75048
2.80445
3.31905
3.53596
2.57695
2.89534
2.95957
3.12525
2.89604
2.86363
3.12261
2.756
2.71008
3.2649
2.54018
3.36978
2.70923
2.88373
3.3381
3.01946
2.92324
3.23287
3.21431
3.04137
3.10693
2.70179
3.08974
3.29653
2.32946
3.1407
2.45709
3.133
2.61415
3.09568
3.08145
3.45583
3.44954
2.97633
2.73497
3.36403
3.20994
2.82491
2.78886
2.80887
2.33301
3.1351
2.88794
2.48101
3.22777
2.99801
2.49399
2.88051
3.1081
2.46707
2.68352
3.10414
2.53552
3.43681
3.51113
2.89528
2.86335
3.03168
2.81371
2.85044
2.99192
2.77066
2.75153
3.12695
2.94939
3.07652
2.76219
2.78726
2.64265
3.19926
3.1255
3.23743
2.73607
2.80816
3.06788
3.24681
3.08836
3.2428
3.01758
3.34088
2.93818
2.99822
3.05954
2.62919
2.66674
3.27609
2.55836
2.86851
2.73047
2.94681
2.60379
2.2886
3.39392
3.20249
3.49192
2.42483
3.59522
2.61202
2.53066
2.95659
3.12408
3.00384
3.54726
2.75999
3.1775
2.80945
2.88273
2.89903
2.97241
3.52619
2.76853
3.09305
2.91092
3.44266
3.09079
2.6659
3.10452
3.34245
2.98272
2.57247
2.77507
3.49517
3.03257
3.2344
3.90014
2.62095
2.66032
3.09294
2.79726
3.47631
3.32991
2.85764
2.66558
2.62699
2.6122
3.43324
3.37322
3.59415
3.54747
2.65789
2.68404
3.24385
3.13731
3.31198
2.73544
3.36776
3.02686
3.13579
3.01495
2.86847
2.99333
2.44092
2.86966
3.46266
2.99529
2.95072
3.56682
2.80054
2.34879
3.36577
2.4337
2.98801
2.88203
3.25832
3.18132
3.13383
3.08417
2.54152
2.99714
3.23341
3.39005
2.7903
2.82223
3.56394
3.51835
3.12388
3.29613
3.20761
3.10721
3.13252
3.11685
2.048
2.889
3.00269
3.20863
2.96845
2.99067
3.45821
3.02457
3.56134
2.93628
2.79802
2.66662
2.86926
3.45687
2.54342
2.93702
2.58457
3.38989
2.8024
3.08742
2.81679
2.82012
2.84436
2.82246
3.21765
2.51285
3.14045
2.80719
2.97692
3.06805
3.21543
2.98839
3.03769
3.41154
3.21391
2.96921
2.4919
2.99197
2.65213
3.50194
3.16449
3.22179
3.26351
3.37778
2.89247
3.75549
3.21154
2.72987
3.27926
2.85375
3.47377
2.65659
3.2985
3.23347
2.6376
2.99567
2.88298
2.92521
2.70544
2.37612
2.93343
2.96291
2.83267
2.61923
3.58147
2.73271
2.95119
3.78604
2.72679
2.93867
2.78528
2.65319
3.15413
3.03987
2.80904
3.02317
3.02835
2.87263
3.10539
2.79485
2.69186
3.10897
3.02519
3.08942
3.13237
2.87382
2.57714
2.95751
2.72109
3.20515
3.21023
2.76704
3.0338
3.16296
2.52071
3.20544
3.06925
3.01791
3.4815
3.0213
3.1781
2.94747
3.24481
3.50794
2.90185
3.15614
3.37553
3.56794
3.15423
3.17256
3.44177
2.85203
3.16524
2.91106
3.1836
2.87984
2.40006
3.07823
2.91221
3.19502
2.88286
2.79996
3.2173
3.23695
3.03902
3.32652
3.12828
3.43421
3.10202
3.67843
3.1356
2.95966
2.80023
2.64705
3.41553
3.70054
3.05263
2.97239
3.18246
3.00583
2.98766
3.0992
2.87413
2.5666
2.92817
3.41517
2.94028
2.52104
2.66435
3.17322
2.83882
2.48699
2.84771
3.06425
2.32032
3.29234
2.86071
2.31512
3.20933
3.12449
2.50002
3.20968
2.82483
2.92427
3.36721
2.74941
3.21401
3.30817
3.07387
2.83638
3.56772
3.08268
2.6188
2.58288
2.2703
2.44806
2.75115
3.20929
2.94246
3.11777
3.50615
2.91836
3.09725
2.89232
3.14324
3.02781
3.24778
3.26649
2.80293
2.71081
2.78548
3.7101
3.24359
3.71264
2.54708
2.91294
3.45071
2.47825
3.16998
3.01662
2.79071
3.05603
3.36445
3.17025
2.89713
3.10816
3.35112
3.00547
3.31007
3.2769
2.77275
2.85493
2.68128
2.69724
3.08468
2.60839
2.84347
3.08672
3.07671
2.91865
3.19006
3.0255
2.93053
3.23204
2.87392
2.97951
2.74464
2.99938
3.12711
2.71563
3.50083
3.12911
2.83959
2.52543
3.06326
3.0005
2.7734
2.98005
2.82442
3.12248
2.65019
3.61803
3.08464
3.55077
3.10085
3.19305
2.92743
3.04912
3.00465
2.76251
3.30816
2.88286
3.14322
3.12807
2.70729
3.51595
2.88695
2.93938
2.48016
3.50691
3.49658
3.09592
2.79612
3.1802
3.12483
2.73162
3.28477
2.38606
2.95512
3.32377
2.42845
2.89208
3.37583
3.24193
2.6312
2.98729
2.76911
2.88013
3.29607
3.50003
2.52222
3.10343
2.87646
3.11712
2.64469
3.09856
3.18398
3.05056
2.91802
2.95714
3.15844
2.51399
2.44233
2.98041
2.81877
3.07981
2.88501
3.03331
3.44739
3.29687
3.56797
3.52496
2.94142
2.94656
2.96514
2.58794
2.62916
2.54227
2.94926
3.33384
2.77129
3.07242
3.46774
3.12672
2.53259
3.21747
2.59742
2.61028
2.97347
3.16802
3.26332
2.67343
3.07345
3.15648
2.96532
2.69803
2.60132
3.20041
3.32505
2.75123
3.24574
3.1988
3.00671
2.85233
3.03597
3.17876
3.26088
2.30992
2.9219
3.20161
2.86891
3.16214
2.76946
3.14692
2.91176
2.91928
2.75913
3.15185
3.22203
3.18539
3.04508
2.84299
2.91053
2.48109
3.18882
2.92945
2.6998
2.93366
2.65109
2.75329
2.84168
2.71756
3.0177
2.73924
3.16244
3.22204
3.2459
2.55902
2.60743
2.61971
2.84297
2.70403
2.76
2.76701
3.00711
3.21805
3.02381
3.26648
2.8348
2.51745
3.40357
3.2158
2.75815
3.15899
3.24273
3.06555
3.2526
2.99088
2.88748
3.2229
2.99903
3.18113
2.90478
2.65355
3.39343
2.62894
3.05513
2.80281
3.36312
3.12114
2.68342
3.00609
3.17091
3.1034
3.09208
2.84495
2.9479
3.5117
2.3079
2.47904
3.21866
2.5233
2.74609
3.49854
2.80112
3.11224
3.31651
2.42677
3.40938
2.96941
3.16875
2.81755
3.18179
2.97375
2.48201
3.00584
3.07167
3.02556
3.5029
3.21565
2.82283
2.62982
2.85367
3.84663
2.72168
2.71444
3.1261
3.45007
3.04057
2.97154
2.96065
2.80458
2.85406
2.85765
3.50014
3.23145
2.93181
3.00358
3.03206
2.86545
2.58173
3.13138
2.90379
2.87379
3.10855
3.19994
2.99371
2.49642
2.602
2.9161
2.25807
2.63742
3.11083
3.17946
3.20088
2.51655
2.608
3.19712
3.05795
3.04524
2.92931
2.72009
3.08882
2.43218
3.22028
2.78911
2.77642
3.17962
3.32115
2.77557
3.19885
3.45393
2.99191
3.26019
2.95691
3.42463
2.95338
3.25275
3.25479
2.97418
3.56826
2.15941
3.15757
2.82796
2.92182
3.34667
3.12032
3.18841
2.68063
2.75112
2.91409
3.06776
2.85956
2.79198
2.93259
2.87293
2.94017
2.68792
3.22329
3.53872
2.49003
2.52421
3.34715
2.60946
2.85656
2.83907
3.08958
2.89708
3.50316
2.94181
3.22323
3.70687
3.39194
3.52812
3.08279
2.49986
3.67224
3.27503
2.7004
3.25121
2.70453
3.17749
3.29281
2.85904
3.04804
2.57975
2.29023
2.66556
2.53971
3.0682
3.33457
3.25259
2.33437
2.9542
2.84264
2.89031
3.22978
3.39335
2.85464
2.35276
2.65999
2.66363
2.70312
2.9261
2.84776
3.38155
3.11264
3.04115
3.33667
3.18724
3.07757
2.60049
2.97678
3.14042
3.20521
3.23863
3.18169
2.67637
3.05009
2.54748
3.15125
2.84796
3.10371
2.67025
3.21997
3.46669
2.91035
3.20849
2.7151
2.92196
2.97482
3.21325
3.2548
3.02982
2.56977
2.70576
3.04578
2.8847
3.22376
3.17905
2.66077
3.24734
2.82858
2.83784
3.41279
2.76152
3.09007
3.39594
2.97485
2.98929
3.15272
3.52715
3.1838
2.94978
2.70855
3.16992
2.9442
3.13007
2.74643
2.71756
3.33944
3.24092
3.55012
2.97155
3.34059
2.94396
3.29026
3.00596
2.81641
2.79492
3.22944
2.796
2.65729
3.60901
3.83715
2.80257
3.15942
3.34839
3.12972
3.10787
3.19154
3.0586
3.52688
3.31563
2.99357
3.03368
3.55985
3.16466
2.94825
3.0921
3.08464
3.5105
3.22722
3.53881
3.1856
2.89571
2.99487
2.88447
2.89207
2.54468
2.83534
3.20571
2.99753
3.38108
3.09265
2.71184
3.0309
3.51612
2.98012
3.61687
3.37489
2.86327
2.61375
3.09969
3.13404
3.11736
3.66124
2.79001
3.43321
3.32844
3.04377
2.64261
3.08643
3.43409
3.23039
3.1931
2.73111
2.77968
3.25738
3.26918
2.52489
3.07144
2.83032
3.20768
3.11063
3.17334
2.979
2.72838
2.79803
3.09775
2.92968
2.58904
3.51184
3.0487
2.91286
2.83766
3.02671
3.1722
2.38537
3.05864
3.11589
3.06958
2.98062
3.44519
3.40183
2.82886
2.81289
3.11497
2.84947
2.77506
2.7649
2.60772
3.19056
3.20202
2.22024
3.32128
3.18232
3.07703
3.31285
2.52569
2.72046
2.62976
2.99093
2.99602
3.17371
3.11414
2.79918
2.85738
2.93298
3.25551
3.02561
3.26032
2.58038
2.7224
3.56564
3.10222
2.92685
2.8291
3.39877
3.20201
2.69476
3.29906
3.28088
3.39701
3.431
2.80893
2.4103
2.57735
2.48604
2.78262
3.33248
2.97743
3.24032
2.95978
3.10809
3.26924
2.84918
2.39611
2.61609
2.94487
2.00945
2.9038
3.1368
2.64818
2.86091
3.22296
2.68807
3.03674
3.4374
3.15103
2.77614
3.33386
3.1351
2.76155
3.17797
2.99097
2.53597
3.17878
3.01558
2.75312
3.00553
3.07308
2.94237
3.12782
3.17553
2.74316
2.86142
3.17522
2.84652
2.86676
3.16433
3.18981
3.15328
2.55695
3.25575
3.04635
2.93326
2.76784
3.71678
3.17096
3.38108
2.86403
3.03471
3.4196
3.16167
2.85586
2.90715
2.88637
2.22184
3.09078
3.33592
2.73471
2.78554
3.11338
3.37137
2.99184
3.35532
2.93509
3.19582
3.11858
3.02063
2.94214
2.87344
2.79143
2.78227
3.43385
2.80751
3.26157
2.60761
2.71088
2.94465
2.80558
3.10465
3.28627
2.93836
2.96513
3.18563
3.20388
2.96168
2.94002
2.73157
3.16917
2.79418
2.84703
3.05056
3.11506
3.15212
3.38474
3.3074
3.04143
3.10345
3.06318
2.86941
2.89299
3.31149
2.7357
3.11085
3.08288
2.77552
3.32566
3.24841
3.25165
2.94282
3.07433
3.25304
3.21614
2.96878
2.66267
2.96396
3.18445
3.07692
3.16963
3.27725
3.12699
2.76025
3.16828
3.2423
2.75429
3.02259
3.25009
2.24385
2.84688
3.26158
3.21348
2.77181
3.31129
2.48321
3.10764
2.74904
2.46596
2.48778
2.74558
3.04032
3.14064
2.98905
3.4407
2.63214
3.03222
2.39719
2.69599
3.49342
3.30559
2.50381
2.7036
2.8328
3.19717
2.5986
2.87435
2.92953
3.11894
3.02697
3.66512
2.54283
2.76098
3.26758
3.04822
3.45558
3.77863
2.99271
2.89129
3.05377
3.05955
2.52178
2.84364
3.05405
2.78772
2.8146
3.32239
2.97865
3.22375
3.1291
2.12219
2.58146
2.78736
3.2269
3.17124
2.91099
3.06051
3.08362
2.53835
2.69585
3.03014
3.08713
2.89094
2.87893
3.75463
2.84304
2.47142
3.22683
2.87651
3.04707
2.93547
3.31844
3.17102
3.2174
2.92977
3.08532
3.57043
3.51306
2.74226
3.22058
3.03154
2.92501
3.00914
3.34176
2.93071
3.03971
3.23452
3.28275
2.71988
3.31741
2.1288
2.76697
3.04811
2.9
3.14157
2.97571
3.53574
3.09935
2.73554
3.0986
2.55938
3.32759
3.45601
3.62028
2.37276
2.80952
3.06545
3.0603
2.95848
3.65337
3.35588
3.34508
2.76096
2.84054
2.76891
2.99904
3.10835
2.78924
2.66191
3.32918
3.18255
2.9537
3.13332
3.68948
2.95077
2.89067
3.39919
3.33345
3.08268
3.06885
2.89866
2.61807
2.66438
3.3401
3.11566
3.24237
2.63847
2.71022
3.22496
3.42865
3.23628
2.85356
3.10822
3.37429
3.71438
2.69688
3.09974
2.78493
3.12825
3.29724
2.58866
3.19836
2.67325
2.86451
3.37858
2.43136
2.78492
2.77914
3.02489
3.17229
2.98828
2.64502
3.15664
3.26472
2.24848
3.09836
3.32603
3.16387
2.80748
2.95642
2.50663
2.972
2.49684
3.30497
3.01242
2.48768
2.54774
2.40257
3.16811
3.19954
2.72428
2.32181
2.95837
3.18708
3.23209
3.89655
2.89006
2.99057
3.11115
3.3912
3.01692
2.62399
3.14889
2.71254
3.38515
2.79977
3.01037
2.81219
2.6041
3.11375
2.92004
3.03203
2.77464
2.61976
3.02327
2.84961
2.61027
2.76941
2.40623
2.73288
2.94838
2.95444
2.61084
3.03877
2.97616
2.79401
2.74786
2.32209
2.91964
3.00923
2.85234
3.55704
3.09464
3.14393
3.28203
2.94025
3.46
2.09276
2.68992
3.04241
2.95288
3.50387
2.54201
3.3249
3.03015
2.38116
2.62292
2.5638
3.1512
2.75576
3.18915
2.86483
3.03388
2.69016
3.49604
2.78554
2.86493
3.25729
3.37383
2.62914
2.79105
2.22374
2.49481
3.04154
2.55803
3.34934
2.75445
3.0736
3.203
2.83616
2.63096
2.7808
3.11107
3.07892
3.56063
2.99307
3.23754
3.00494
2.96943
3.19597
3.07325
3.7266
3.18163
2.82221
2.87905
3.26665
2.56214
3.32314
3.3099
2.74578
2.98725
3.35397
3.48285
3.22799
3.5162
3.03718
3.17798
2.99403
3.18595
2.87397
3.07436
2.72335
3.03167
2.86087
2.83328
3.58058
2.92172
3.29891
3.29184
3.00291
3.15185
2.81628
3.23283
3.16586
2.3868
2.94346
2.72167
2.99731
3.39986
3.14198
2.91095
2.83268
2.77589
2.87005
3.123
2.16165
3.07593
2.67071
3.01328
3.10117
2.55117
2.91665
2.61028
3.07817
3.32889
2.91817
2.4483
3.12005
3.25262
3.00152
2.89717
2.69372
3.11615
3.06772
3.134
2.6404
3.66954
2.98383
2.72375
3.06796
3.2176
3.0374
3.23096
2.93191
2.8108
2.98769
2.75274
2.85515
3.21339
3.309
2.97595
2.9074
3.2676
2.90229
3.01943
3.4324
2.59097
2.89661
2.34914
2.25237
2.82906
2.67257
3.45404
2.43271
3.23502
2.87593
2.9938
3.1661
2.46826
3.10834
3.22847
2.58826
2.65678
3.15241
3.6655
2.96542
2.6109
3.46132
2.92936
3.16286
2.75198
3.216
2.86897
3.24841
2.94504
3.17738
2.97993
3.33172
2.47969
2.76417
2.62237
3.21504
2.85652
2.74778
2.95276
3.39811
2.93165
3.42126
2.92681
3.38432
3.01815
3.13975
2.95583
3.16173
2.95657
3.34025
2.97184
3.41289
3.31799
3.15323
2.57612
2.61278
3.25881
3.06057
3.06728
2.58966
3.10269
2.86951
2.98184
2.94067
2.91037
3.0303
2.72539
3.52386
2.8056
2.75614
2.93879
2.97497
3.29956
2.76984
2.80767
2.80525
3.28745
3.86603
3.1726
3.33415
2.83593
3.22659
3.4162
3.35585
3.2094
2.70388
3.07512
3.42594
2.59359
3.17839
3.12306
3.30163
3.13576
2.86876
2.63024
3.21027
3.47518
2.74227
3.33778
2.9723
3.01073
2.81904
2.92289
2.73307
3.33744
2.49392
3.16092
3.19277
3.01203
3.42586
2.38915
2.91833
3.2441
3.12155
3.24219
3.01996
2.48243
3.06798
2.97062
3.40136
2.38178
3.12973
3.15056
2.87737
3.22066
2.81331
3.0037
2.74828
3.05972
3.26954
2.76224
3.44124
2.9995
2.38397
3.37764
2.92667
3.37946
3.05066
3.02687
2.94297
2.62728
2.32723
2.76212
2.73683
2.25802
3.46316
3.10675
3.30303
2.94666
3.13036
2.67702
2.96735
3.14757
3.11104
2.5777
2.80109
3.2414
3.02941
2.30063
2.97791
2.63575
2.90847
2.71678
3.32148
2.93246
3.46324
3.13461
3.5639
3.13976
2.89048
2.63798
3.06947
2.63194
2.95671
3.13604
3.49984
2.6571
3.4819
3.27171
3.41717
3.32099
3.1147
2.61879
3.18443
2.91099
2.17313
2.53794
3.56557
2.88385
2.52739
3.31287
3.08543
3.02275
2.36409
2.80985
3.22916
2.53313
2.95648
3.00644
3.14948
3.13611
3.35887
3.04243
3.0484
2.99135
2.96172
2.84989
2.88093
3.1423
2.71209
2.89773
3.28429
3.23966
2.78374
3.14005
2.76493
2.74619
3.15108
2.47112
3.01198
2.87162
2.7545
2.96848
3.33432
3.20068
3.38212
2.79398
3.24783
3.06031
3.36652
2.86457
3.25622
2.68204
2.02916
2.5085
2.84492
2.85008
3.16138
3.13775
3.38286
3.06408
2.79397
2.90687
3.30025
2.90768
3.0827
3.03949
2.9338
3.21556
2.69655
2.80499
2.91904
2.67114
2.77206
3.02502
2.82674
2.89965
2.73035
3.28545
2.46754
3.09273
3.26698
3.13677
3.04957
2.62577
2.4677
2.9029
2.65631
2.48775
3.0938
3.37588
3.27824
2.86987
2.60759
3.2057
3.03595
2.79084
2.96818
2.5154
2.99288
3.058
2.90427
3.07404
3.58141
3.20519
2.69901
3.36097
3.14257
2.69124
2.80565
2.791
2.75714
2.76174
3.29599
3.17849
2.70642
3.22657
3.05165
3.61624
3.3777
3.1313
2.99535
3.30143
2.92193
3.45036
2.98671
2.88666
2.56246
2.69318
2.95956
3.14344
2.90335
2.93632
3.56616
3.11821
3.24981
2.70799
3.33257
3.2131
3.36034
2.55436
2.62937
2.89166
2.73818
3.08728
3.28845
3.00754
3.15999
2.84212
2.84282
2.78209
2.97029
3.40071
3.31386
2.49603
2.92657
2.82217
3.06128
2.77934
2.69005
3.23699
2.47463
3.36677
2.98861
2.77478
2.71653
3.12938
3.21495
3.14976
2.59567
3.13229
2.96286
2.89757
2.85115
3.36563
3.05958
2.4569
3.02704
2.85819
3.14823
2.58842
3.05473
2.63958
2.3691
2.66657
3.0716
3.39938
3.09192
2.74095
3.20421
2.16874
2.90697
3.26263
2.24835
2.63846
3.1115
3.63361
3.44658
3.76378
3.31732
2.77538
2.34107
2.99608
3.27718
2.93921
3.10498
2.7815
3.12029
3.45864
2.61894
3.23216
2.9868
3.40367
2.67649
3.1315
3.04268
3.28476
3.16836
2.87915
2.87954
2.68196
3.07443
3.15205
2.96892
3.05374
2.73326
2.79698
3.16054
3.05514
3.675
2.84937
3.13995
2.79052
3.24646
3.27967
3.24998
2.76175
3.10249
3.0289
3.00672
3.22794
3.12729
2.85794
2.81471
3.0769
3.45685
2.75289
3.03591
3.15376
2.98443
3.29616
2.82363
2.98533
2.9997
2.53999
2.87813
3.28849
2.56065
3.01592
2.87011
3.36358
2.76824
3.00487
2.61055
3.19686
3.06829
3.2777
3.40802
2.92495
3.1438
2.6276
2.93633
2.91563
2.79645
3.01268
3.08858
2.6966
2.57745
3.61353
2.97728
2.83718
2.89552
2.61042
3.32812
2.97113
2.95532
2.89954
2.99429
3.18706
3.30587
2.98542
3.35283
3.19685
3.30936
2.67266
2.74225
2.68151
3.07316
2.68076
2.83818
2.62276
3.39646
2.69745
3.19453
3.00863
3.05797
2.99189
3.37592
2.87897
3.22705
2.53137
2.73768
2.82719
3.32015
2.67617
2.54022
2.63595
3.06468
2.7089
3.56962
2.49275
2.26536
2.63349
3.01511
3.24954
3.39944
3.34055
3.10401
2.76694
2.96536
3.30055
2.70654
2.71101
3.86706
3.08373
2.90384
3.01586
3.26642
3.44297
2.87821
3.12834
3.35777
2.92947
2.87642
3.56236
2.70694
3.04721
3.1786
2.87771
3.06057
3.11868
2.89355
2.99856
3.45326
3.27072
3.14615
3.19319
3.40892
2.45315
3.00485
2.8929
3.16535
3.13147
3.11405
2.7119
3.12182
3.24087
3.22739
2.85017
2.87965
3.19009
2.90268
2.31218
3.0771
2.72109
2.85296
3.03037
3.20158
3.19775
3.10894
3.35679
2.5085
3.12993
2.25741
2.81947
3.06343
3.05144
2.44817
2.97106
2.78658
2.88358
2.87898
2.83589
3.00227
2.96468
2.85119
3.27288
3.03708
3.03554
3.10146
3.00629
3.13424
3.46926
2.66479
2.7614
2.83786
3.02176
3.16086
3.19294
2.77023
3.68984
2.82378
3.40022
2.5409
3.30064
2.67565
3.01183
2.90978
2.65271
3.13371
2.38216
3.45238
3.02623
2.53876
2.7678
2.87832
2.88962
2.64537
2.99247
3.32822
2.59343
3.66975
2.84362
3.39685
2.78581
2.7911
2.635
2.99783
3.34593
2.32767
3.44083
3.43417
3.12949
3.4436
2.35141
3.16455
3.20353
2.35727
1.99539
2.90652
2.97667
3.01682
2.73583
3.1841
2.99622
2.89241
3.23765
3.11093
3.14233
2.55825
3.03207
3.6971
3.25762
2.93624
3.19007
3.23342
2.7967
2.73314
2.84663
3.14439
2.70341
3.15268
2.7152
3.07591
3.25265
2.43258
2.64276
3.48125
2.66877
2.95148
3.03538
2.81958
2.98985
2.90378
3.08535
2.86051
3.44036
2.83468
3.11441
2.98671
3.21241
2.87555
3.04814
3.22351
2.54079
2.97233
2.82015
3.10337
3.15822
3.57752
3.36239
3.25865
3.40704
3.14281
2.72339
3.09949
3.26782
2.89338
2.65691
2.65434
3.53582
3.30026
3.0918
3.21507
3.02198
2.76061
2.7611
3.05279
2.69725
3.08427
3.0971
3.57278
2.86566
2.65427
2.37491
2.49304
3.60104
3.15663
3.00753
3.06993
3.3044
2.88026
2.99781
3.46204
3.43964
3.17787
2.91528
2.83839
2.8754
2.85124
2.89914
2.4749
3.24577
3.00221
3.16713
2.56549
3.06179
2.92774
3.18019
2.95831
2.72118
3.49156
3.17547
3.04098
3.11493
2.29337
2.68733
2.5096
3.14956
2.82779
3.17975
2.65129
3.04586
2.8851
3.1355
2.6454
2.45816
3.04701
2.95007
3.06147
2.54465
2.42093
3.06422
2.60975
2.96329
3.457
3.24924
3.21428
3.15495
2.90276
3.11826
2.25528
2.93558
2.70967
2.8009
3.61791
2.35109
3.40063
3.07853
2.82016
3.14366
3.51798
3.1488
2.87302
3.5286
3.25272
3.08434
3.26837
3.44495
3.24333
2.61934
3.6098
2.70811
3.35505
2.51507
2.81304
3.09445
2.35416
3.25146
3.17446
2.4877
3.38566
3.144
2.80223
2.35221
3.09081
2.62608
3.01129
2.94827
2.97576
2.55738
3.17048
2.79104
2.66189
3.00942
3.08253
3.17353
3.29076
3.4692
3.34352
2.52654
2.88111
2.13096
2.84934
3.09028
2.9336
2.94278
2.82276
3.79566
3.10193
2.90873
3.0574
2.90493
3.16884
2.80851
2.69927
2.58165
2.61933
2.80417
3.05917
2.59181
2.58658
3.03934
2.68968
2.80655
2.88532
2.7743
3.00679
2.51889
3.38381
3.36908
2.8295
3.03034
3.11087
2.77617
2.72258
2.7668
2.58281
3.25632
3.12433
3.22188
3.03649
2.36819
2.73615
2.8105
3.49433
3.08316
2.80973
2.71926
3.30382
3.13712
2.6813
2.82326
3.19585
3.07067
2.84732
3.27195
3.29156
3.16513
3.42227
2.78391
3.23597
2.62581
2.86472
2.97475
2.91307
3.43021
3.06881
3.09988
2.84485
2.98893
2.96659
2.74119
3.00591
2.74582
2.99465
2.67001
3.80687
3.23413
3.03389
2.61729
2.72191
3.21347
3.10065
3.05924
3.04565
2.99429
3.15248
3.07667
3.30599
3.24715
2.78455
2.37452
2.84388
2.29965
2.46581
3.27267
3.32772
2.5872
3.2022
3.02621
2.84533
3.10088
3.1797
3.29048
2.71293
3.01564
3.36588
3.37972
3.49096
2.72648
3.00585
3.41154
3.24488
2.85444
2.69489
3.43755
2.9649
3.03924
3.55915
2.99148
3.11696
2.79871
3.0508
3.05049
3.34959
3.24471
3.44383
2.70786
2.72884
3.30172
2.95698
3.09963
3.30086
3.14744
2.34445
2.8365
2.6118
2.98712
3.13911
3.5418
2.73813
3.42731
2.81897
3.1651
2.77029
3.05002
3.54422
3.10653
2.79377
2.98719
3.01237
3.49999
3.27135
2.93136
3.31297
3.89488
3.53051
2.99294
2.97886
2.86065
3.04442
2.83615
2.81237
3.31561
3.11687
3.02814
3.1817
3.35349
2.92494
2.89565
3.23363
3.17151
3.34731
2.78717
2.89931
3.05021
3.01106
3.19022
3.48485
2.95203
3.3415
2.73633
3.19559
3.03554
2.32095
2.90658
3.06192
2.95225
3.07156
3.61467
3.2987
2.76126
3.14649
2.52149
3.17462
2.97491
3.31213
3.1683
3.43314
3.03074
2.60934
2.86041
2.91179
2.57633
2.79846
2.9785
2.92083
3.53475
2.50592
3.1464
2.90391
2.99732
2.88968
2.80173
2.87665
2.64679
2.74263
2.22721
3.10371
3.36829
3.07577
3.3272
3.27691
3.54018
2.87205
2.77498
2.8586
3.0127
3.23106
2.91583
3.32327
3.03042
2.91874
3.34127
3.21695
2.68158
3.35836
3.03753
2.47507
2.93154
2.84464
3.02031
3.55145
1.95555
2.65623
3.31464
3.24036
2.72781
3.36287
2.75169
3.44959
2.6168
2.95275
2.69019
2.85621
3.22958
3.10221
2.56457
3.27929
2.69191
3.14236
2.57864
3.07501
3.12264
3.38112
3.35557
3.08177
3.41858
2.84392
2.84529
3.30041
3.13532
3.08726
3.01435
3.0877
2.98605
3.15751
2.69851
3.55365
2.92289
2.82987
2.77573
3.3151
2.84062
3.66858
3.37548
2.97642
3.59115
3.11741
3.60139
3.45907
3.66455
3.64421
3.38666
3.27218
2.96945
3.24179
2.52099
2.76165
3.23849
3.25355
3.37405
3.09041
2.81956
3.01435
3.03719
3.42148
3.15995
3.50302
2.96068
3.02125
2.90058
3.06181
3.47658
3.08965
2.99663
3.16222
3.47673
3.43672
2.98724
3.04621
2.60364
3.45333
3.02564
2.6645
2.7599
3.44428
3.06941
2.89478
3.48838
2.61163
2.75889
3.68065
2.65949
3.02776
2.69382
2.42794
3.27721
2.9732
2.86964
3.01341
2.93844
2.31507
2.80052
2.71571
3.09269
3.14399
3.15802
2.86201
2.99665
3.14135
3.05072
2.7652
3.38583
2.8147
3.42687
2.69336
2.8862
2.84275
2.76403
3.29242
2.89295
3.21661
3.30563
2.32875
3.27825
3.40771
3.71726
2.82029
2.2712
3.22764
2.99784
3.05974
2.92637
3.48301
2.60242
3.0777
3.68956
3.19622
2.70989
2.96074
2.65997
2.8075
3.0031
3.28298
2.90112
2.86897
3.18228
3.11899
3.05946
3.72207
2.7502
2.86063
2.81971
3.25012
3.56839
2.50375
3.07608
2.99011
3.11371
3.65954
2.43561
3.24521
3.12098
3.22971
3.0603
2.84284
3.78798
3.30087
3.24275
2.63324
2.58772
2.76914
2.76423
2.97517
2.7447
3.19408
2.74437
3.56094
2.76061
2.38755
3.20089
2.84598
2.75614
3.56158
3.61744
3.08405
3.28127
3.08827
2.87079
3.11849
2.89255
2.65835
3.03174
2.3608
3.04834
3.11275
2.54289
3.12037
3.33428
3.17454
2.60058
3.78479
3.29104
2.77819
3.58809
3.0798
3.24774
2.86531
3.07666
2.64537
2.76655
2.86607
2.79139
2.90613
3.71588
3.58744
3.33102
2.60838
2.80956
3.6128
2.33508
3.35425
3.25737
3.27204
2.6745
3.23687
2.18808
2.99249
3.18378
2.69908
3.06194
3.57082
3.04617
3.50385
3.01986
2.47334
2.85773
2.42237
3.16041
2.7525
3.14992
2.38447
3.09439
2.83998
2.81709
2.59911
2.03725
2.79303
2.96722
2.85685
3.40397
2.70309
2.92424
2.75135
3.04673
2.68058
2.91118
3.03323
2.34596
2.83411
2.6571
2.91536
2.82339
3.26676
3.31254
3.23936
3.12029
3.07412
2.73002
3.12636
3.3007
3.2329
2.72293
3.00963
3.17586
3.30902
2.81445
3.02882
3.10481
3.0271
3.2493
3.21998
3.01182
3.12597
2.72585
3.31094
3.14793
3.13825
2.89072
2.45112
2.92178
2.81175
3.13185
3.38794
3.06841
3.21173
3.44585
2.85674
3.01549
3.11172
2.76452
3.01686
2.95551
3.15376
3.4402
2.74649
2.98747
3.35994
3.03664
3.08915
2.81809
2.5185
2.79904
3.10834
3.12472
3.5999
2.80506
3.13468
2.51536
2.81875
2.8908
2.61044
2.72919
3.00644
3.0186
3.12129
2.94596
3.22265
3.13747
2.76537
3.36768
2.97722
2.39159
2.98145
2.53706
2.87594
2.92814
2.85111
2.74379
3.33309
2.76424
2.72618
2.91426
2.88221
3.06881
2.85999
2.9013
3.48945
3.34367
3.01366
2.56061
3.07572
3.06393
2.77907
2.49557
2.79163
2.67139
2.74313
2.26862
2.70532
3.47179
3.0317
3.22463
3.46525
2.54537
2.75774
2.9868
2.99089
3.16198
3.0529
3.058
2.60519
3.09184
3.34376
3.08161
3.58298
2.89579
2.92373
2.97123
2.55158
3.21286
3.49685
2.80399
3.11329
3.49916
2.65298
2.78007
2.90799
3.00929
2.63794
2.51447
3.30224
2.68981
3.06668
3.16069
2.61246
3.0699
3.04587
2.88743
2.82024
2.44426
3.24575
2.83319
2.17724
2.64829
2.81459
2.6622
2.93401
3.10446
2.60224
2.84896
2.81228
2.86586
2.91837
2.56041
2.67771
3.26875
3.46485
3.47386
2.93495
3.71731
3.09742
2.73758
3.17356
2.7281
3.32644
2.82516
3.30452
3.15057
2.77504
2.91998
2.90729
2.86299
2.847
2.67985
3.05637
3.15925
2.77911
2.68332
3.27562
2.68963
3.10003
3.1877
2.62403
2.67157
3.33944
2.59599
3.04241
2.78755
2.54133
2.92171
3.04042
3.22977
2.63903
3.43269
2.92426
2.78577
3.10435
3.45269
2.30733
3.20793
3.4204
2.8391
3.07442
2.91807
3.30173
2.91752
3.01149
3.2795
2.71727
2.82392
2.65197
3.38552
3.021
3.32272
2.93977
2.87663
2.61023
3.01773
3.01557
2.85873
3.07063
2.47147
2.24799
3.08682
2.75039
3.96236
3.0429
3.02076
2.59485
3.03406
3.35769
2.5798
2.83723
2.73907
2.05234
2.44335
3.02372
3.14435
3.24721
3.14037
3.62614
3.44499
3.07268
3.10124
2.73358
3.28008
3.21882
2.73882
3.08121
3.00438
3.06137
2.96206
3.37528
3.71284
3.08955
3.11629
3.1617
2.75813
3.07348
3.079
2.6501
3.24969
2.54204
2.92209
2.89363
3.36163
3.25842
3.14654
3.15932
2.62124
2.86311
3.29605
3.1639
3.42185
2.96223
2.81965
2.45515
3.26849
2.96618
3.19534
3.29306
3.28101
3.34085
3.23021
2.42953
3.31031
2.67211
2.56933
2.93496
3.10054
3.04182
3.5004
2.92426
2.73995
3.53701
2.73322
2.8431
3.23957
2.40494
3.3882
3.32257
2.67112
3.18918
2.88665
2.64357
3.18532
2.87177
2.6456
3.1939
2.68848
2.99792
3.02122
2.88089
2.87993
3.25796
