5.96341
5.67395
6.20529
5.67744
6.00998
6.22345
6.01008
5.84201
6.13876
6.06021
6.6374
6.11152
6.30629
6.23502
5.96165
5.89896
5.79385
6.39253
5.71925
5.19829
5.76818
5.84353
5.39541
6.01511
5.73161
5.99605
5.9446
5.79616
5.97788
6.25747
6.11307
5.77522
6.42069
6.24177
5.89943
6.20177
6.36346
6.01394
5.91447
6.34526
5.60572
5.96068
5.85871
6.02168
6.50198
5.99693
5.87832
5.90542
5.81791
5.5211
5.70356
6.23914
6.33141
5.60233
5.70848
6.47087
6.04762
5.95143
6.42545
5.40191
6.17039
5.99576
6.15468
5.64074
6.33502
6.1672
5.56928
5.96579
6.2823
5.93435
5.87463
5.6855
5.95955
5.66972
6.22383
5.97527
6.02875
5.97998
6.00565
6.34252
5.95265
6.39831
6.33065
6.13517
6.03978
6.0177
6.03808
5.44427
6.29718
5.93215
6.27902
6.29727
5.77743
6.01279
6.60143
5.96347
6.23274
5.14303
6.40359
5.92067
5.8516
5.87641
5.82594
6.48093
6.27454
6.14735
5.62764
6.16843
6.16561
5.95886
5.72236
5.70331
5.78871
6.27533
5.88498
6.36103
5.89278
5.89878
5.86517
5.91781
6.35933
6.16422
6.20925
6.39667
5.50344
6.26912
6.02106
5.69162
6.49709
6.21547
6.04731
5.95557
5.44003
6.17298
6.74115
6.24011
5.41421
5.68785
5.35993
5.6968
5.95343
5.92018
6.35221
6.27152
6.61168
5.85001
5.6781
6.09727
6.0931
5.36249
5.9537
6.35994
6.47112
5.88141
6.31688
6.24425
6.0741
6.12115
6.00247
5.93414
5.55901
6.06832
6.43367
6.26283
5.75154
5.57382
5.80539
5.90676
5.85119
5.75093
6.67399
5.25158
6.07623
5.92011
5.45791
6.24973
5.99676
5.85274
6.07676
6.50577
5.94451
5.93281
5.71555
6.08678
5.85148
5.52696
6.07343
6.11212
6.59454
5.82703
6.06976
5.56867
5.92078
5.62303
6.26804
6.14942
5.77358
6.24418
6.22692
6.245
5.96422
6.01402
6.19445
5.64538
5.60838
5.81099
5.90675
5.90844
6.12118
6.0437
5.95501
6.0113
5.96971
6.01506
5.77643
6.00986
5.78368
6.16014
5.91879
5.75605
6.24028
5.45928
6.23967
6.30979
5.94537
6.17242
5.52671
5.91808
5.49679
5.81229
6.04333
5.55216
6.12538
6.2155
5.76983
5.32971
5.68773
6.16421
5.50971
6.34078
6.38028
6.01099
6.33648
5.56443
5.54442
6.03147
6.07782
5.84508
5.7842
5.57735
5.94648
5.53082
6.02486
5.87288
6.12909
5.39773
6.12819
5.97353
6.17759
6.05737
6.08898
6.38549
5.78731
5.91756
6.35977
6.31638
5.83608
5.67241
5.88649
5.85348
5.88508
6.02087
5.96371
6.02252
5.96274
6.22792
6.10658
6.34737
5.62677
6.02132
6.31542
6.74631
6.17264
6.59175
6.2361
6.554
6.03401
5.1226
6.00716
5.84803
6.64467
6.30072
5.97713
6.46709
5.96148
6.57709
5.69489
6.28748
6.07425
5.46448
6.15697
5.57391
6.09509
5.9358
6.16039
6.05575
6.11195
5.79152
6.36614
5.77911
6.23785
5.44995
6.42166
5.98872
5.93515
5.93706
5.63841
5.43097
5.8475
6.05246
5.46486
6.05336
6.38104
6.10612
6.03586
6.19749
5.94977
6.06161
5.89202
6.05534
6.5278
5.74862
6.17112
6.19888
5.99016
6.28839
6.45009
5.70603
5.98712
5.75631
5.67802
6.424
5.97638
4.88841
5.95004
5.77168
6.0993
5.60152
5.45887
6.35176
5.6766
6.0922
5.86531
6.34225
6.65601
5.90945
5.8345
6.34772
5.73158
5.87475
5.62809
6.33489
6.22102
6.0537
5.48204
6.0363
6.12879
6.3192
5.63957
5.95606
6.32671
6.18389
5.70181
5.64869
5.71844
6.23016
5.80285
5.94141
5.42467
6.49164
5.71777
5.59003
5.70639
6.7107
6.3089
6.08137
6.03166
5.58102
6.2342
6.15271
6.36798
6.41136
5.40501
6.11752
5.48897
5.86813
6.1308
5.39224
5.56123
6.16773
6.13984
5.87355
6.45232
6.32476
5.84916
6.58428
5.85682
6.05253
5.75486
5.83295
6.06231
6.26287
6.19438
6.53524
5.58668
5.9088
5.72409
5.75446
6.16845
5.99159
6.20087
5.79905
6.02513
6.15754
6.00164
5.67219
5.68818
6.00413
5.68301
6.47259
6.29093
6.12355
5.91571
5.76086
6.18132
6.49088
5.90854
5.90523
6.22464
6.09959
6.38627
5.694
5.79811
6.27068
5.79702
6.1514
5.89296
6.4426
5.95685
6.07927
5.81245
6.19194
6.19761
5.94495
5.53542
6.37694
6.17438
5.81906
5.64687
6.46438
6.18528
5.92456
6.34354
5.8896
6.27652
5.43098
6.10434
6.11318
5.41787
5.7506
6.05231
6.08963
6.16202
6.39966
5.77171
5.88686
5.92006
6.48745
6.22609
5.67388
5.88292
5.84584
5.82471
6.03896
6.1496
5.56344
5.91324
5.54741
6.00708
6.22708
6.09339
6.30671
6.44734
6.38418
5.69568
6.0484
6.03935
5.66539
5.91065
6.2514
6.15739
5.92348
6.55436
5.85341
5.28333
5.76857
6.45726
5.14785
5.75815
6.50419
5.80831
5.52771
6.24975
6.41762
5.39676
5.97409
5.90594
5.6989
5.66203
5.83133
5.57751
6.06064
6.73483
6.0936
5.87203
6.10809
6.78301
6.26001
6.26794
6.13894
6.3576
5.75397
6.36371
5.36237
6.44985
6.45213
5.96771
5.90502
5.91502
5.6333
5.76036
6.4109
5.95182
5.75662
6.20511
5.43986
5.78778
6.01538
6.0371
5.70792
6.35502
6.05054
5.85108
5.76586
5.80589
6.0435
5.99077
6.01905
5.59459
5.90694
6.22891
6.34348
5.72343
6.15297
6.15719
5.69936
5.14595
6.452
5.96424
5.73519
6.24612
6.09787
6.04485
5.71322
6.03656
6.298
6.22046
5.99346
6.47918
6.09251
5.87647
5.66162
5.91094
6.1393
6.14958
6.24363
5.73214
6.01725
5.79133
6.30639
6.21483
6.37932
5.95371
5.64273
5.90664
5.65346
5.64311
5.59225
6.3316
5.58285
5.4971
5.98194
5.74645
5.75784
6.34763
6.04867
6.27087
6.03882
6.41283
5.78989
6.20031
6.37656
5.94568
6.1121
6.17549
5.79462
5.97212
5.89533
6.11999
5.62021
6.44786
6.08
6.19426
6.10555
5.99997
6.06217
6.24957
6.32683
5.8386
5.75566
5.9416
6.23829
6.03278
6.27284
5.73834
5.7654
5.82877
5.40258
6.30428
6.15929
6.49277
6.08363
5.84268
6.43644
6.30357
6.38098
5.71437
5.67831
5.97901
6.11057
6.13372
6.38808
5.56213
5.53181
6.53922
6.16014
5.50629
6.14015
6.12004
5.86826
6.1601
5.66681
5.9436
5.80098
5.54864
5.98927
6.23661
5.91138
6.10034
5.98734
5.67076
6.07073
5.74505
5.9999
5.87188
5.66578
5.84955
5.80183
5.79881
6.23501
6.26476
6.86254
5.68416
5.46708
6.04044
6.24496
6.37843
5.87712
5.84356
6.26675
6.07315
5.83183
5.85035
5.86826
6.09557
5.92224
5.93812
5.89989
6.33126
6.01537
6.05111
6.01016
6.16261
6.28155
5.6026
6.4922
5.78449
5.22534
5.82363
6.26955
5.22391
5.71834
6.62091
5.85871
6.57027
6.21197
5.61029
6.2697
5.79162
5.75863
5.94244
6.51129
5.95911
6.06937
5.91618
6.59114
6.37945
6.00724
6.41395
5.84166
6.63545
5.7878
5.73718
6.27912
6.15588
5.82684
6.33445
5.87503
6.15245
5.88552
5.84944
6.45619
5.48652
5.64156
6.16024
5.85338
5.97525
6.13863
5.81873
6.48031
6.03457
6.00733
5.66512
6.22629
5.74402
6.1307
5.78656
6.04946
6.19632
5.7493
6.16033
5.86548
5.78549
5.73678
6.11931
6.32625
6.52087
5.90225
5.73441
5.9418
5.5367
5.88445
6.21759
6.64265
5.37736
5.88565
5.86472
6.21614
6.21582
6.11848
6.03887
5.60038
5.72449
6.23452
6.20022
5.83708
5.33533
5.94358
5.8488
5.73299
6.3564
6.09925
6.1173
5.58768
5.85806
5.74563
5.89337
5.96987
5.75153
6.14224
6.5427
6.18798
5.6311
5.95511
6.58531
6.49121
6.02512
6.53004
6.75621
5.77606
5.73643
6.38413
5.65327
5.90665
6.28855
5.85586
5.79664
5.97297
5.64704
6.17494
5.69642
6.43113
6.05568
5.93312
6.51161
6.08909
6.53936
6.12957
6.29037
6.31251
5.6468
5.86818
6.32651
5.68063
5.60063
5.98787
6.04914
5.52792
6.38046
5.64905
6.36328
6.1095
5.84759
5.91467
6.19395
6.18403
6.00628
5.9761
5.66493
5.64881
6.17667
6.23423
5.88362
5.76558
6.27752
6.08521
6.3614
5.85363
5.83864
6.05461
5.48468
6.28068
5.80124
5.85475
5.88858
6.0559
5.82783
5.7937
5.83448
5.67318
6.16512
6.06243
6.1848
6.34976
5.82902
5.77549
5.99545
5.86696
5.92427
6.09075
6.18988
5.83623
5.60285
6.05478
5.90603
6.16774
6.40376
5.69026
5.429
6.27103
5.70091
5.64841
6.15506
6.05805
5.80597
6.2974
5.87406
5.94941
6.0219
5.5793
6.66822
6.25705
5.85909
5.86751
5.95047
6.20697
6.16641
5.83206
6.08207
6.37517
6.24112
6.36858
5.60528
6.00829
5.90033
5.49034
6.75615
6.12358
5.76133
6.37656
6.04245
5.94292
5.70119
5.90053
6.18605
6.49865
5.94815
5.81814
6.10667
5.7245
5.61939
6.39786
5.72373
5.98867
5.93233
5.68419
6.13776
5.52292
5.88239
5.89352
5.74907
6.06267
6.19082
5.9283
6.11433
6.39539
6.02167
6.41108
5.65751
6.46686
6.0791
5.59464
5.68522
6.2691
5.72338
5.78026
5.42758
6.0232
6.16335
6.28074
5.82512
5.85787
5.84905
6.07192
5.89672
5.85518
5.89218
6.29355
6.18889
5.70229
5.79741
5.83038
5.71149
5.84163
6.16156
6.05307
5.90887
6.4426
5.88848
5.74183
6.41481
5.75391
6.14464
6.10795
6.54795
5.71918
5.85141
6.68691
5.77211
6.26023
6.04041
5.74819
5.76451
5.87037
6.28693
6.24986
6.05398
5.877
5.99069
5.86845
5.58831
5.87681
5.88088
6.12687
5.95865
6.39988
5.51371
5.70528
6.00697
6.2656
4.87525
6.36736
6.14797
5.91777
5.43016
6.10291
6.11816
5.96575
6.28164
6.53685
5.30808
6.0916
5.82126
6.0151
6.05344
5.73402
6.33156
6.14858
5.67871
6.12987
6.24747
6.3549
6.05931
6.03295
5.94818
5.83416
5.83406
5.77143
5.75535
6.81489
6.27589
6.17562
5.50225
6.2585
5.81923
6.20151
5.75048
5.80445
6.31905
6.53596
5.57695
5.89534
5.95957
6.12525
5.89604
5.86363
6.12261
5.756
5.71008
6.2649
5.54018
6.36978
5.70923
5.88373
6.3381
6.01946
5.92324
6.23287
6.21431
6.04137
6.10693
5.70179
6.08974
6.29653
5.32946
6.1407
5.45709
6.133
5.61415
6.09568
6.08145
6.45583
6.44954
5.97633
5.73497
6.36403
6.20994
5.82491
5.78886
5.80887
5.33301
6.1351
5.88794
5.48101
6.22777
5.99801
5.49399
5.88051
6.1081
5.46707
5.68352
6.10414
5.53552
6.43681
6.51113
5.89528
5.86335
6.03168
5.81371
5.85044
5.99192
5.77066
5.75153
6.12695
5.94939
6.07652
5.76219
5.78726
5.64265
6.19926
6.1255
6.23743
5.73607
5.80816
6.06788
6.24681
6.08836
6.2428
6.01758
6.34088
5.93818
5.99822
6.05954
5.62919
5.66674
6.27609
5.55836
5.86851
5.73047
5.94681
5.60379
5.2886
6.39392
6.20249
6.49192
5.42483
6.59522
5.61202
5.53066
5.95659
6.12408
6.00384
6.54726
5.75999
6.1775
5.80945
5.88273
5.89903
5.97241
6.52619
5.76853
6.09305
5.91092
6.44266
6.09079
5.6659
6.10452
6.34245
5.98272
5.57247
5.77507
6.49517
6.03257
6.2344
6.90014
5.62095
5.66032
6.09294
5.79726
6.47631
6.32991
5.85764
5.66558
5.62699
5.6122
6.43324
6.37322
6.59415
6.54747
5.65789
5.68404
6.24385
6.13731
6.31198
5.73544
6.36776
6.02686
6.13579
6.01495
5.86847
5.99333
5.44092
5.86966
6.46266
5.99529
5.95072
6.56682
5.80054
5.34879
6.36577
5.4337
5.98801
5.88203
6.25832
6.18132
6.13383
6.08417
5.54152
5.99714
6.23341
6.39005
5.7903
5.82223
6.56394
6.51835
6.12388
6.29613
6.20761
6.10721
6.13252
6.11685
5.048
5.889
6.00269
6.20863
5.96845
5.99067
6.45821
6.02457
6.56134
5.93628
5.79802
5.66662
5.86926
6.45687
5.54342
5.93702
5.58457
6.38989
5.8024
6.08742
5.81679
5.82012
5.84436
5.82246
6.21765
5.51285
6.14045
5.80719
5.97692
6.06805
6.21543
5.98839
6.03769
6.41154
6.21391
5.96921
5.4919
5.99197
5.65213
6.50194
6.16449
6.22179
6.26351
6.37778
5.89247
6.75549
6.21154
5.72987
6.27926
5.85375
6.47377
5.65659
6.2985
6.23347
5.6376
5.99567
5.88298
5.92521
5.70544
5.37612
5.93343
5.96291
5.83267
5.61923
6.58147
5.73271
5.95119
6.78604
5.72679
5.93867
5.78528
5.65319
6.15413
6.03987
5.80904
6.02317
6.02835
5.87263
6.10539
5.79485
5.69186
6.10897
6.02519
6.08942
6.13237
5.87382
5.57714
5.95751
5.72109
6.20515
6.21023
5.76704
6.0338
6.16296
5.52071
6.20544
6.06925
6.01791
6.4815
6.0213
6.1781
5.94747
6.24481
6.50794
5.90185
6.15614
6.37553
6.56794
6.15423
6.17256
6.44177
5.85203
6.16524
5.91106
6.1836
5.87984
5.40006
6.07823
5.91221
6.19502
5.88286
5.79996
6.2173
6.23695
6.03902
6.32652
6.12828
6.43421
6.10202
6.67843
6.1356
5.95966
5.80023
5.64705
6.41553
6.70054
6.05263
5.97239
6.18246
6.00583
5.98766
6.0992
5.87413
5.5666
5.92817
6.41517
5.94028
5.52104
5.66435
6.17322
5.83882
5.48699
5.84771
6.06425
5.32032
6.29234
5.86071
5.31512
6.20933
6.12449
5.50002
6.20968
5.82483
5.92427
6.36721
5.74941
6.21401
6.30817
6.07387
5.83638
6.56772
6.08268
5.6188
5.58288
5.2703
5.44806
5.75115
6.20929
5.94246
6.11777
6.50615
5.91836
6.09725
5.89232
6.14324
6.02781
6.24778
6.26649
5.80293
5.71081
5.78548
6.7101
6.24359
6.71264
5.54708
5.91294
6.45071
5.47825
6.16998
6.01662
5.79071
6.05603
6.36445
6.17025
5.89713
6.10816
6.35112
6.00547
6.31007
6.2769
5.77275
5.85493
5.68128
5.69724
6.08468
5.60839
5.84347
6.08672
6.07671
5.91865
6.19006
6.0255
5.93053
6.23204
5.87392
5.97951
5.74464
5.99938
6.12711
5.71563
6.50083
6.12911
5.83959
5.52543
6.06326
6.0005
5.7734
5.98005
5.82442
6.12248
5.65019
6.61803
6.08464
6.55077
6.10085
6.19305
5.92743
6.04912
6.00465
5.76251
6.30816
5.88286
6.14322
6.12807
5.70729
6.51595
5.88695
5.93938
5.48016
6.50691
6.49658
6.09592
5.79612
6.1802
6.12483
5.73162
6.28477
5.38606
5.95512
6.32377
5.42845
5.89208
6.37583
6.24193
5.6312
5.98729
5.76911
5.88013
6.29607
6.50003
5.52222
6.10343
5.87646
6.11712
5.64469
6.09856
6.18398
6.05056
5.91802
5.95714
6.15844
5.51399
5.44233
5.98041
5.81877
6.07981
5.88501
6.03331
6.44739
6.29687
6.56797
6.52496
5.94142
5.94656
5.96514
5.58794
5.62916
5.54227
5.94926
6.33384
5.77129
6.07242
6.46774
6.12672
5.53259
6.21747
5.59742
5.61028
5.97347
6.16802
6.26332
5.67343
6.07345
6.15648
5.96532
5.69803
5.60132
6.20041
6.32505
5.75123
6.24574
6.1988
6.00671
5.85233
6.03597
6.17876
6.26088
5.30992
5.9219
6.20161
5.86891
6.16214
5.76946
6.14692
5.91176
5.91928
5.75913
6.15185
6.22203
6.18539
6.04508
5.84299
5.91053
5.48109
6.18882
5.92945
5.6998
5.93366
5.65109
5.75329
5.84168
5.71756
6.0177
5.73924
6.16244
6.22204
6.2459
5.55902
5.60743
5.61971
5.84297
5.70403
5.76
5.76701
6.00711
6.21805
6.02381
6.26648
5.8348
5.51745
6.40357
6.2158
5.75815
6.15899
6.24273
6.06555
6.2526
5.99088
5.88748
6.2229
5.99903
6.18113
5.90478
5.65355
6.39343
5.62894
6.05513
5.80281
6.36312
6.12114
5.68342
6.00609
6.17091
6.1034
6.09208
5.84495
5.9479
6.5117
5.3079
5.47904
6.21866
5.5233
5.74609
6.49854
5.80112
6.11224
6.31651
5.42677
6.40938
5.96941
6.16875
5.81755
6.18179
5.97375
5.48201
6.00584
6.07167
6.02556
6.5029
6.21565
5.82283
5.62982
5.85367
6.84663
5.72168
5.71444
6.1261
6.45007
6.04057
5.97154
5.96065
5.80458
5.85406
5.85765
6.50014
6.23145
5.93181
6.00358
6.03206
5.86545
5.58173
6.13138
5.90379
5.87379
6.10855
6.19994
5.99371
5.49642
5.602
5.9161
5.25807
5.63742
6.11083
6.17946
6.20088
5.51655
5.608
6.19712
6.05795
6.04524
5.92931
5.72009
6.08882
5.43218
6.22028
5.78911
5.77642
6.17962
6.32115
5.77557
6.19885
6.45393
5.99191
6.26019
5.95691
6.42463
5.95338
6.25275
6.25479
5.97418
6.56826
5.15941
6.15757
5.82796
5.92182
6.34667
6.12032
6.18841
5.68063
5.75112
5.91409
6.06776
5.85956
5.79198
5.93259
5.87293
5.94017
5.68792
6.22329
6.53872
5.49003
5.52421
6.34715
5.60946
5.85656
5.83907
6.08958
5.89708
6.50316
5.94181
6.22323
6.70687
6.39194
6.52812
6.08279
5.49986
6.67224
6.27503
5.7004
6.25121
5.70453
6.17749
6.29281
5.85904
6.04804
5.57975
5.29023
5.66556
5.53971
6.0682
6.33457
6.25259
5.33437
5.9542
5.84264
5.89031
6.22978
6.39335
5.85464
5.35276
5.65999
5.66363
5.70312
5.9261
5.84776
6.38155
6.11264
6.04115
6.33667
6.18724
6.07757
5.60049
5.97678
6.14042
6.20521
6.23863
6.18169
5.67637
6.05009
5.54748
6.15125
5.84796
6.10371
5.67025
6.21997
6.46669
5.91035
6.20849
5.7151
5.92196
5.97482
6.21325
6.2548
6.02982
5.56977
5.70576
6.04578
5.8847
6.22376
6.17905
5.66077
6.24734
5.82858
5.83784
6.41279
5.76152
6.09007
6.39594
5.97485
5.98929
6.15272
6.52715
6.1838
5.94978
5.70855
6.16992
5.9442
6.13007
5.74643
5.71756
6.33944
6.24092
6.55012
5.97155
6.34059
5.94396
6.29026
6.00596
5.81641
5.79492
6.22944
5.796
5.65729
6.60901
6.83715
5.80257
6.15942
6.34839
6.12972
6.10787
6.19154
6.0586
6.52688
6.31563
5.99357
6.03368
6.55985
6.16466
5.94825
6.0921
6.08464
6.5105
6.22722
6.53881
6.1856
5.89571
5.99487
5.88447
5.89207
5.54468
5.83534
6.20571
5.99753
6.38108
6.09265
5.71184
6.0309
6.51612
5.98012
6.61687
6.37489
5.86327
5.61375
6.09969
6.13404
6.11736
6.66124
5.79001
6.43321
6.32844
6.04377
5.64261
6.08643
6.43409
6.23039
6.1931
5.73111
5.77968
6.25738
6.26918
5.52489
6.07144
5.83032
6.20768
6.11063
6.17334
5.979
5.72838
5.79803
6.09775
5.92968
5.58904
6.51184
6.0487
5.91286
5.83766
6.02671
6.1722
5.38537
6.05864
6.11589
6.06958
5.98062
6.44519
6.40183
5.82886
5.81289
6.11497
5.84947
5.77506
5.7649
5.60772
6.19056
6.20202
5.22024
6.32128
6.18232
6.07703
6.31285
5.52569
5.72046
5.62976
5.99093
5.99602
6.17371
6.11414
5.79918
5.85738
5.93298
6.25551
6.02561
6.26032
5.58038
5.7224
6.56564
6.10222
5.92685
5.8291
6.39877
6.20201
5.69476
6.29906
6.28088
6.39701
6.431
5.80893
5.4103
5.57735
5.48604
5.78262
6.33248
5.97743
6.24032
5.95978
6.10809
6.26924
5.84918
5.39611
5.61609
5.94487
5.00945
5.9038
6.1368
5.64818
5.86091
6.22296
5.68807
6.03674
6.4374
6.15103
5.77614
6.33386
6.1351
5.76155
6.17797
5.99097
5.53597
6.17878
6.01558
5.75312
6.00553
6.07308
5.94237
6.12782
6.17553
5.74316
5.86142
6.17522
5.84652
5.86676
6.16433
6.18981
6.15328
5.55695
6.25575
6.04635
5.93326
5.76784
6.71678
6.17096
6.38108
5.86403
6.03471
6.4196
6.16167
5.85586
5.90715
5.88637
5.22184
6.09078
6.33592
5.73471
5.78554
6.11338
6.37137
5.99184
6.35532
5.93509
6.19582
6.11858
6.02063
5.94214
5.87344
5.79143
5.78227
6.43385
5.80751
6.26157
5.60761
5.71088
5.94465
5.80558
6.10465
6.28627
5.93836
5.96513
6.18563
6.20388
5.96168
5.94002
5.73157
6.16917
5.79418
5.84703
6.05056
6.11506
6.15212
6.38474
6.3074
6.04143
6.10345
6.06318
5.86941
5.89299
6.31149
5.7357
6.11085
6.08288
5.77552
6.32566
6.24841
6.25165
5.94282
6.07433
6.25304
6.21614
5.96878
5.66267
5.96396
6.18445
6.07692
6.16963
6.27725
6.12699
5.76025
6.16828
6.2423
5.75429
6.02259
6.25009
5.24385
5.84688
6.26158
6.21348
5.77181
6.31129
5.48321
6.10764
5.74904
5.46596
5.48778
5.74558
6.04032
6.14064
5.98905
6.4407
5.63214
6.03222
5.39719
5.69599
6.49342
6.30559
5.50381
5.7036
5.8328
6.19717
5.5986
5.87435
5.92953
6.11894
6.02697
6.66512
5.54283
5.76098
6.26758
6.04822
6.45558
6.77863
5.99271
5.89129
6.05377
6.05955
5.52178
5.84364
6.05405
5.78772
5.8146
6.32239
5.97865
6.22375
6.1291
5.12219
5.58146
5.78736
6.2269
6.17124
5.91099
6.06051
6.08362
5.53835
5.69585
6.03014
6.08713
5.89094
5.87893
6.75463
5.84304
5.47142
6.22683
5.87651
6.04707
5.93547
6.31844
6.17102
6.2174
5.92977
6.08532
6.57043
6.51306
5.74226
6.22058
6.03154
5.92501
6.00914
6.34176
5.93071
6.03971
6.23452
6.28275
5.71988
6.31741
5.1288
5.76697
6.04811
5.9
6.14157
5.97571
6.53574
6.09935
5.73554
6.0986
5.55938
6.32759
6.45601
6.62028
5.37276
5.80952
6.06545
6.0603
5.95848
6.65337
6.35588
6.34508
5.76096
5.84054
5.76891
5.99904
6.10835
5.78924
5.66191
6.32918
6.18255
5.9537
6.13332
6.68948
5.95077
5.89067
6.39919
6.33345
6.08268
6.06885
5.89866
5.61807
5.66438
6.3401
6.11566
6.24237
5.63847
5.71022
6.22496
6.42865
6.23628
5.85356
6.10822
6.37429
6.71438
5.69688
6.09974
5.78493
6.12825
6.29724
5.58866
6.19836
5.67325
5.86451
6.37858
5.43136
5.78492
5.77914
6.02489
6.17229
5.98828
5.64502
6.15664
6.26472
5.24848
6.09836
6.32603
6.16387
5.80748
5.95642
5.50663
5.972
5.49684
6.30497
6.01242
5.48768
5.54774
5.40257
6.16811
6.19954
5.72428
5.32181
5.95837
6.18708
6.23209
6.89655
5.89006
5.99057
6.11115
6.3912
6.01692
5.62399
6.14889
5.71254
6.38515
5.79977
6.01037
5.81219
5.6041
6.11375
5.92004
6.03203
5.77464
5.61976
6.02327
5.84961
5.61027
5.76941
5.40623
5.73288
5.94838
5.95444
5.61084
6.03877
5.97616
5.79401
5.74786
5.32209
5.91964
6.00923
5.85234
6.55704
6.09464
6.14393
6.28203
5.94025
6.46
5.09276
5.68992
6.04241
5.95288
6.50387
5.54201
6.3249
6.03015
5.38116
5.62292
5.5638
6.1512
5.75576
6.18915
5.86483
6.03388
5.69016
6.49604
5.78554
5.86493
6.25729
6.37383
5.62914
5.79105
5.22374
5.49481
6.04154
5.55803
6.34934
5.75445
6.0736
6.203
5.83616
5.63096
5.7808
6.11107
6.07892
6.56063
5.99307
6.23754
6.00494
5.96943
6.19597
6.07325
6.7266
6.18163
5.82221
5.87905
6.26665
5.56214
6.32314
6.3099
5.74578
5.98725
6.35397
6.48285
6.22799
6.5162
6.03718
6.17798
5.99403
6.18595
5.87397
6.07436
5.72335
6.03167
5.86087
5.83328
6.58058
5.92172
6.29891
6.29184
6.00291
6.15185
5.81628
6.23283
6.16586
5.3868
5.94346
5.72167
5.99731
6.39986
6.14198
5.91095
5.83268
5.77589
5.87005
6.123
5.16165
6.07593
5.67071
6.01328
6.10117
5.55117
5.91665
5.61028
6.07817
6.32889
5.91817
5.4483
6.12005
6.25262
6.00152
5.89717
5.69372
6.11615
6.06772
6.134
5.6404
6.66954
5.98383
5.72375
6.06796
6.2176
6.0374
6.23096
5.93191
5.8108
5.98769
5.75274
5.85515
6.21339
6.309
5.97595
5.9074
6.2676
5.90229
6.01943
6.4324
5.59097
5.89661
5.34914
5.25237
5.82906
5.67257
6.45404
5.43271
6.23502
5.87593
5.9938
6.1661
5.46826
6.10834
6.22847
5.58826
5.65678
6.15241
6.6655
5.96542
5.6109
6.46132
5.92936
6.16286
5.75198
6.216
5.86897
6.24841
5.94504
6.17738
5.97993
6.33172
5.47969
5.76417
5.62237
6.21504
5.85652
5.74778
5.95276
6.39811
5.93165
6.42126
5.92681
6.38432
6.01815
6.13975
5.95583
6.16173
5.95657
6.34025
5.97184
6.41289
6.31799
6.15323
5.57612
5.61278
6.25881
6.06057
6.06728
5.58966
6.10269
5.86951
5.98184
5.94067
5.91037
6.0303
5.72539
6.52386
5.8056
5.75614
5.93879
5.97497
6.29956
5.76984
5.80767
5.80525
6.28745
6.86603
6.1726
6.33415
5.83593
6.22659
6.4162
6.35585
6.2094
5.70388
6.07512
6.42594
5.59359
6.17839
6.12306
6.30163
6.13576
5.86876
5.63024
6.21027
6.47518
5.74227
6.33778
5.9723
6.01073
5.81904
5.92289
5.73307
6.33744
5.49392
6.16092
6.19277
6.01203
6.42586
5.38915
5.91833
6.2441
6.12155
6.24219
6.01996
5.48243
6.06798
5.97062
6.40136
5.38178
6.12973
6.15056
5.87737
6.22066
5.81331
6.0037
5.74828
6.05972
6.26954
5.76224
6.44124
5.9995
5.38397
6.37764
5.92667
6.37946
6.05066
6.02687
5.94297
5.62728
5.32723
5.76212
5.73683
5.25802
6.46316
6.10675
6.30303
5.94666
6.13036
5.67702
5.96735
6.14757
6.11104
5.5777
5.80109
6.2414
6.02941
5.30063
5.97791
5.63575
5.90847
5.71678
6.32148
5.93246
6.46324
6.13461
6.5639
6.13976
5.89048
5.63798
6.06947
5.63194
5.95671
6.13604
6.49984
5.6571
6.4819
6.27171
6.41717
6.32099
6.1147
5.61879
6.18443
5.91099
5.17313
5.53794
6.56557
5.88385
5.52739
6.31287
6.08543
6.02275
5.36409
5.80985
6.22916
5.53313
5.95648
6.00644
6.14948
6.13611
6.35887
6.04243
6.0484
5.99135
5.96172
5.84989
5.88093
6.1423
5.71209
5.89773
6.28429
6.23966
5.78374
6.14005
5.76493
5.74619
6.15108
5.47112
6.01198
5.87162
5.7545
5.96848
6.33432
6.20068
6.38212
5.79398
6.24783
6.06031
6.36652
5.86457
6.25622
5.68204
5.02916
5.5085
5.84492
5.85008
6.16138
6.13775
6.38286
6.06408
5.79397
5.90687
6.30025
5.90768
6.0827
6.03949
5.9338
6.21556
5.69655
5.80499
5.91904
5.67114
5.77206
6.02502
5.82674
5.89965
5.73035
6.28545
5.46754
6.09273
6.26698
6.13677
6.04957
5.62577
5.4677
5.9029
5.65631
5.48775
6.0938
6.37588
6.27824
5.86987
5.60759
6.2057
6.03595
5.79084
5.96818
5.5154
5.99288
6.058
5.90427
6.07404
6.58141
6.20519
5.69901
6.36097
6.14257
5.69124
5.80565
5.791
5.75714
5.76174
6.29599
6.17849
5.70642
6.22657
6.05165
6.61624
6.3777
6.1313
5.99535
6.30143
5.92193
6.45036
5.98671
5.88666
5.56246
5.69318
5.95956
6.14344
5.90335
5.93632
6.56616
6.11821
6.24981
5.70799
6.33257
6.2131
6.36034
5.55436
5.62937
5.89166
5.73818
6.08728
6.28845
6.00754
6.15999
5.84212
5.84282
5.78209
5.97029
6.40071
6.31386
5.49603
5.92657
5.82217
6.06128
5.77934
5.69005
6.23699
5.47463
6.36677
5.98861
5.77478
5.71653
6.12938
6.21495
6.14976
5.59567
6.13229
5.96286
5.89757
5.85115
6.36563
6.05958
5.4569
6.02704
5.85819
6.14823
5.58842
6.05473
5.63958
5.3691
5.66657
6.0716
6.39938
6.09192
5.74095
6.20421
5.16874
5.90697
6.26263
5.24835
5.63846
6.1115
6.63361
6.44658
6.76378
6.31732
5.77538
5.34107
5.99608
6.27718
5.93921
6.10498
5.7815
6.12029
6.45864
5.61894
6.23216
5.9868
6.40367
5.67649
6.1315
6.04268
6.28476
6.16836
5.87915
5.87954
5.68196
6.07443
6.15205
5.96892
6.05374
5.73326
5.79698
6.16054
6.05514
6.675
5.84937
6.13995
5.79052
6.24646
6.27967
6.24998
5.76175
6.10249
6.0289
6.00672
6.22794
6.12729
5.85794
5.81471
6.0769
6.45685
5.75289
6.03591
6.15376
5.98443
6.29616
5.82363
5.98533
5.9997
5.53999
5.87813
6.28849
5.56065
6.01592
5.87011
6.36358
5.76824
6.00487
5.61055
6.19686
6.06829
6.2777
6.40802
5.92495
6.1438
5.6276
5.93633
5.91563
5.79645
6.01268
6.08858
5.6966
5.57745
6.61353
5.97728
5.83718
5.89552
5.61042
6.32812
5.97113
5.95532
5.89954
5.99429
6.18706
6.30587
5.98542
6.35283
6.19685
6.30936
5.67266
5.74225
5.68151
6.07316
5.68076
5.83818
5.62276
6.39646
5.69745
6.19453
6.00863
6.05797
5.99189
6.37592
5.87897
6.22705
5.53137
5.73768
5.82719
6.32015
5.67617
5.54022
5.63595
6.06468
5.7089
6.56962
5.49275
5.26536
5.63349
6.01511
6.24954
6.39944
6.34055
6.10401
5.76694
5.96536
6.30055
5.70654
5.71101
6.86706
6.08373
5.90384
6.01586
6.26642
6.44297
5.87821
6.12834
6.35777
5.92947
5.87642
6.56236
5.70694
6.04721
6.1786
5.87771
6.06057
6.11868
5.89355
5.99856
6.45326
6.27072
6.14615
6.19319
6.40892
5.45315
6.00485
5.8929
6.16535
6.13147
6.11405
5.7119
6.12182
6.24087
6.22739
5.85017
5.87965
6.19009
5.90268
5.31218
6.0771
5.72109
5.85296
6.03037
6.20158
6.19775
6.10894
6.35679
5.5085
6.12993
5.25741
5.81947
6.06343
6.05144
5.44817
5.97106
5.78658
5.88358
5.87898
5.83589
6.00227
5.96468
5.85119
6.27288
6.03708
6.03554
6.10146
6.00629
6.13424
6.46926
5.66479
5.7614
5.83786
6.02176
6.16086
6.19294
5.77023
6.68984
5.82378
6.40022
5.5409
6.30064
5.67565
6.01183
5.90978
5.65271
6.13371
5.38216
6.45238
6.02623
5.53876
5.7678
5.87832
5.88962
5.64537
5.99247
6.32822
5.59343
6.66975
5.84362
6.39685
5.78581
5.7911
5.635
5.99783
6.34593
5.32767
6.44083
6.43417
6.12949
6.4436
5.35141
6.16455
6.20353
5.35727
4.99539
5.90652
5.97667
6.01682
5.73583
6.1841
5.99622
5.89241
6.23765
6.11093
6.14233
5.55825
6.03207
6.6971
6.25762
5.93624
6.19007
6.23342
5.7967
5.73314
5.84663
6.14439
5.70341
6.15268
5.7152
6.07591
6.25265
5.43258
5.64276
6.48125
5.66877
5.95148
6.03538
5.81958
5.98985
5.90378
6.08535
5.86051
6.44036
5.83468
6.11441
5.98671
6.21241
5.87555
6.04814
6.22351
5.54079
5.97233
5.82015
6.10337
6.15822
6.57752
6.36239
6.25865
6.40704
6.14281
5.72339
6.09949
6.26782
5.89338
5.65691
5.65434
6.53582
6.30026
6.0918
6.21507
6.02198
5.76061
5.7611
6.05279
5.69725
6.08427
6.0971
6.57278
5.86566
5.65427
5.37491
5.49304
6.60104
6.15663
6.00753
6.06993
6.3044
5.88026
5.99781
6.46204
6.43964
6.17787
5.91528
5.83839
5.8754
5.85124
5.89914
5.4749
6.24577
6.00221
6.16713
5.56549
6.06179
5.92774
6.18019
5.95831
5.72118
6.49156
6.17547
6.04098
6.11493
5.29337
5.68733
5.5096
6.14956
5.82779
6.17975
5.65129
6.04586
5.8851
6.1355
5.6454
5.45816
6.04701
5.95007
6.06147
5.54465
5.42093
6.06422
5.60975
5.96329
6.457
6.24924
6.21428
6.15495
5.90276
6.11826
5.25528
5.93558
5.70967
5.8009
6.61791
5.35109
6.40063
6.07853
5.82016
6.14366
6.51798
6.1488
5.87302
6.5286
6.25272
6.08434
6.26837
6.44495
6.24333
5.61934
6.6098
5.70811
6.35505
5.51507
5.81304
6.09445
5.35416
6.25146
6.17446
5.4877
6.38566
6.144
5.80223
5.35221
6.09081
5.62608
6.01129
5.94827
5.97576
5.55738
6.17048
5.79104
5.66189
6.00942
6.08253
6.17353
6.29076
6.4692
6.34352
5.52654
5.88111
5.13096
5.84934
6.09028
5.9336
5.94278
5.82276
6.79566
6.10193
5.90873
6.0574
5.90493
6.16884
5.80851
5.69927
5.58165
5.61933
5.80417
6.05917
5.59181
5.58658
6.03934
5.68968
5.80655
5.88532
5.7743
6.00679
5.51889
6.38381
6.36908
5.8295
6.03034
6.11087
5.77617
5.72258
5.7668
5.58281
6.25632
6.12433
6.22188
6.03649
5.36819
5.73615
5.8105
6.49433
6.08316
5.80973
5.71926
6.30382
6.13712
5.6813
5.82326
6.19585
6.07067
5.84732
6.27195
6.29156
6.16513
6.42227
5.78391
6.23597
5.62581
5.86472
5.97475
5.91307
6.43021
6.06881
6.09988
5.84485
5.98893
5.96659
5.74119
6.00591
5.74582
5.99465
5.67001
6.80687
6.23413
6.03389
5.61729
5.72191
6.21347
6.10065
6.05924
6.04565
5.99429
6.15248
6.07667
6.30599
6.24715
5.78455
5.37452
5.84388
5.29965
5.46581
6.27267
6.32772
5.5872
6.2022
6.02621
5.84533
6.10088
6.1797
6.29048
5.71293
6.01564
6.36588
6.37972
6.49096
5.72648
6.00585
6.41154
6.24488
5.85444
5.69489
6.43755
5.9649
6.03924
6.55915
5.99148
6.11696
5.79871
6.0508
6.05049
6.34959
6.24471
6.44383
5.70786
5.72884
6.30172
5.95698
6.09963
6.30086
6.14744
5.34445
5.8365
5.6118
5.98712
6.13911
6.5418
5.73813
6.42731
5.81897
6.1651
5.77029
6.05002
6.54422
6.10653
5.79377
5.98719
6.01237
6.49999
6.27135
5.93136
6.31297
6.89488
6.53051
5.99294
5.97886
5.86065
6.04442
5.83615
5.81237
6.31561
6.11687
6.02814
6.1817
6.35349
5.92494
5.89565
6.23363
6.17151
6.34731
5.78717
5.89931
6.05021
6.01106
6.19022
6.48485
5.95203
6.3415
5.73633
6.19559
6.03554
5.32095
5.90658
6.06192
5.95225
6.07156
6.61467
6.2987
5.76126
6.14649
5.52149
6.17462
5.97491
6.31213
6.1683
6.43314
6.03074
5.60934
5.86041
5.91179
5.57633
5.79846
5.9785
5.92083
6.53475
5.50592
6.1464
5.90391
5.99732
5.88968
5.80173
5.87665
5.64679
5.74263
5.22721
6.10371
6.36829
6.07577
6.3272
6.27691
6.54018
5.87205
5.77498
5.8586
6.0127
6.23106
5.91583
6.32327
6.03042
5.91874
6.34127
6.21695
5.68158
6.35836
6.03753
5.47507
5.93154
5.84464
6.02031
6.55145
4.95555
5.65623
6.31464
6.24036
5.72781
6.36287
5.75169
6.44959
5.6168
5.95275
5.69019
5.85621
6.22958
6.10221
5.56457
6.27929
5.69191
6.14236
5.57864
6.07501
6.12264
6.38112
6.35557
6.08177
6.41858
5.84392
5.84529
6.30041
6.13532
6.08726
6.01435
6.0877
5.98605
6.15751
5.69851
6.55365
5.92289
5.82987
5.77573
6.3151
5.84062
6.66858
6.37548
5.97642
6.59115
6.11741
6.60139
6.45907
6.66455
6.64421
6.38666
6.27218
5.96945
6.24179
5.52099
5.76165
6.23849
6.25355
6.37405
6.09041
5.81956
6.01435
6.03719
6.42148
6.15995
6.50302
5.96068
6.02125
5.90058
6.06181
6.47658
6.08965
5.99663
6.16222
6.47673
6.43672
5.98724
6.04621
5.60364
6.45333
6.02564
5.6645
5.7599
6.44428
6.06941
5.89478
6.48838
5.61163
5.75889
6.68065
5.65949
6.02776
5.69382
5.42794
6.27721
5.9732
5.86964
6.01341
5.93844
5.31507
5.80052
5.71571
6.09269
6.14399
6.15802
5.86201
5.99665
6.14135
6.05072
5.7652
6.38583
5.8147
6.42687
5.69336
5.8862
5.84275
5.76403
6.29242
5.89295
6.21661
6.30563
5.32875
6.27825
6.40771
6.71726
5.82029
5.2712
6.22764
5.99784
6.05974
5.92637
6.48301
5.60242
6.0777
6.68956
6.19622
5.70989
5.96074
5.65997
5.8075
6.0031
6.28298
5.90112
5.86897
6.18228
6.11899
6.05946
6.72207
5.7502
5.86063
5.81971
6.25012
6.56839
5.50375
6.07608
5.99011
6.11371
6.65954
5.43561
6.24521
6.12098
6.22971
6.0603
5.84284
6.78798
6.30087
6.24275
5.63324
5.58772
5.76914
5.76423
5.97517
5.7447
6.19408
5.74437
6.56094
5.76061
5.38755
6.20089
5.84598
5.75614
6.56158
6.61744
6.08405
6.28127
6.08827
5.87079
6.11849
5.89255
5.65835
6.03174
5.3608
6.04834
6.11275
5.54289
6.12037
6.33428
6.17454
5.60058
6.78479
6.29104
5.77819
6.58809
6.0798
6.24774
5.86531
6.07666
5.64537
5.76655
5.86607
5.79139
5.90613
6.71588
6.58744
6.33102
5.60838
5.80956
6.6128
5.33508
6.35425
6.25737
6.27204
5.6745
6.23687
5.18808
5.99249
6.18378
5.69908
6.06194
6.57082
6.04617
6.50385
6.01986
5.47334
5.85773
5.42237
6.16041
5.7525
6.14992
5.38447
6.09439
5.83998
5.81709
5.59911
5.03725
5.79303
5.96722
5.85685
6.40397
5.70309
5.92424
5.75135
6.04673
5.68058
5.91118
6.03323
5.34596
5.83411
5.6571
5.91536
5.82339
6.26676
6.31254
6.23936
6.12029
6.07412
5.73002
6.12636
6.3007
6.2329
5.72293
6.00963
6.17586
6.30902
5.81445
6.02882
6.10481
6.0271
6.2493
6.21998
6.01182
6.12597
5.72585
6.31094
6.14793
6.13825
5.89072
5.45112
5.92178
5.81175
6.13185
6.38794
6.06841
6.21173
6.44585
5.85674
6.01549
6.11172
5.76452
6.01686
5.95551
6.15376
6.4402
5.74649
5.98747
6.35994
6.03664
6.08915
5.81809
5.5185
5.79904
6.10834
6.12472
6.5999
5.80506
6.13468
5.51536
5.81875
5.8908
5.61044
5.72919
6.00644
6.0186
6.12129
5.94596
6.22265
6.13747
5.76537
6.36768
5.97722
5.39159
5.98145
5.53706
5.87594
5.92814
5.85111
5.74379
6.33309
5.76424
5.72618
5.91426
5.88221
6.06881
5.85999
5.9013
6.48945
6.34367
6.01366
5.56061
6.07572
6.06393
5.77907
5.49557
5.79163
5.67139
5.74313
5.26862
5.70532
6.47179
6.0317
6.22463
6.46525
5.54537
5.75774
5.9868
5.99089
6.16198
6.0529
6.058
5.60519
6.09184
6.34376
6.08161
6.58298
5.89579
5.92373
5.97123
5.55158
6.21286
6.49685
5.80399
6.11329
6.49916
5.65298
5.78007
5.90799
6.00929
5.63794
5.51447
6.30224
5.68981
6.06668
6.16069
5.61246
6.0699
6.04587
5.88743
5.82024
5.44426
6.24575
5.83319
5.17724
5.64829
5.81459
5.6622
5.93401
6.10446
5.60224
5.84896
5.81228
5.86586
5.91837
5.56041
5.67771
6.26875
6.46485
6.47386
5.93495
6.71731
6.09742
5.73758
6.17356
5.7281
6.32644
5.82516
6.30452
6.15057
5.77504
5.91998
5.90729
5.86299
5.847
5.67985
6.05637
6.15925
5.77911
5.68332
6.27562
5.68963
6.10003
6.1877
5.62403
5.67157
6.33944
5.59599
6.04241
5.78755
5.54133
5.92171
6.04042
6.22977
5.63903
6.43269
5.92426
5.78577
6.10435
6.45269
5.30733
6.20793
6.4204
5.8391
6.07442
5.91807
6.30173
5.91752
6.01149
6.2795
5.71727
5.82392
5.65197
6.38552
6.021
6.32272
5.93977
5.87663
5.61023
6.01773
6.01557
5.85873
6.07063
5.47147
5.24799
6.08682
5.75039
6.96236
6.0429
6.02076
5.59485
6.03406
6.35769
5.5798
5.83723
5.73907
5.05234
5.44335
6.02372
6.14435
6.24721
6.14037
6.62614
6.44499
6.07268
6.10124
5.73358
6.28008
6.21882
5.73882
6.08121
6.00438
6.06137
5.96206
6.37528
6.71284
6.08955
6.11629
6.1617
5.75813
6.07348
6.079
5.6501
6.24969
5.54204
5.92209
5.89363
6.36163
6.25842
6.14654
6.15932
5.62124
5.86311
6.29605
6.1639
6.42185
5.96223
5.81965
5.45515
6.26849
5.96618
6.19534
6.29306
6.28101
6.34085
6.23021
5.42953
6.31031
5.67211
5.56933
5.93496
6.10054
6.04182
6.5004
5.92426
5.73995
6.53701
5.73322
5.8431
6.23957
5.40494
6.3882
6.32257
5.67112
6.18918
5.88665
5.64357
6.18532
5.87177
5.6456
6.1939
5.68848
5.99792
6.02122
5.88089
5.87993
6.25796
