0.96341
0.673955
1.20529
0.677443
1.00998
1.22345
1.01008
0.842009
1.13876
1.06021
1.6374
1.11152
1.30629
1.23502
0.961647
0.898956
0.793854
1.39253
0.719247
0.19829
0.768178
0.84353
0.395414
1.01511
0.731613
0.99605
0.944596
0.796164
0.977878
1.25747
1.11307
0.775218
1.42069
1.24177
0.89943
1.20177
1.36346
1.01394
0.914466
1.34526
0.605717
0.960675
0.858712
1.02168
1.50198
0.996927
0.878318
0.905423
0.817912
0.521102
0.703564
1.23914
1.33141
0.602329
0.708475
1.47087
1.04762
0.951429
1.42545
0.401908
1.17039
0.995756
1.15468
0.640737
1.33502
1.1672
0.569283
0.965792
1.2823
0.934348
0.874629
0.685502
0.959546
0.669717
1.22383
0.975267
1.02875
0.979977
1.00565
1.34252
0.952645
1.39831
1.33065
1.13517
1.03978
1.0177
1.03808
0.444269
1.29718
0.932152
1.27902
1.29727
0.777429
1.01279
1.60143
0.963472
1.23274
0.143028
1.40359
0.92067
0.851596
0.876408
0.825943
1.48093
1.27454
1.14735
0.627636
1.16843
1.16561
0.958859
0.722362
0.70331
0.78871
1.27533
0.884985
1.36103
0.892778
0.898777
0.865168
0.91781
1.35933
1.16422
1.20925
1.39667
0.503435
1.26912
1.02106
0.691623
1.49709
1.21547
1.04731
0.95557
0.440026
1.17298
1.74115
1.24011
0.414211
0.687852
0.359931
0.696801
0.953428
0.920183
1.35221
1.27152
1.61168
0.850011
0.6781
1.09727
1.0931
0.362486
0.953698
1.35994
1.47112
0.881407
1.31688
1.24425
1.0741
1.12115
1.00247
0.934143
0.55901
1.06832
1.43367
1.26283
0.75154
0.573821
0.80539
0.906757
0.851186
0.750929
1.67399
0.251582
1.07623
0.920112
0.457914
1.24973
0.996762
0.852744
1.07676
1.50577
0.944515
0.932808
0.715552
1.08678
0.851475
0.526957
1.07343
1.11212
1.59454
0.827034
1.06976
0.568672
0.920782
0.623027
1.26804
1.14942
0.773579
1.24418
1.22692
1.245
0.964221
1.01402
1.19445
0.645383
0.608385
0.810986
0.906748
0.908439
1.12118
1.0437
0.955012
1.0113
0.969709
1.01506
0.776433
1.00986
0.783683
1.16014
0.918785
0.756046
1.24028
0.459283
1.23967
1.30979
0.945366
1.17242
0.526715
0.918078
0.496794
0.812294
1.04333
0.552157
1.12538
1.2155
0.769833
0.329711
0.687732
1.16421
0.509708
1.34078
1.38028
1.01099
1.33648
0.564431
0.544422
1.03147
1.07782
0.845078
0.784197
0.577347
0.946481
0.530821
1.02486
0.872879
1.12909
0.397729
1.12819
0.973528
1.17759
1.05737
1.08898
1.38549
0.787308
0.917558
1.35977
1.31638
0.83608
0.672415
0.886489
0.853479
0.88508
1.02087
0.96371
1.02252
0.962744
1.22792
1.10658
1.34737
0.626765
1.02132
1.31542
1.74631
1.17264
1.59175
1.2361
1.554
1.03401
0.122598
1.00716
0.848027
1.64467
1.30072
0.977131
1.46709
0.961476
1.57709
0.694895
1.28748
1.07425
0.46448
1.15697
0.573905
1.09509
0.935805
1.16039
1.05575
1.11195
0.791521
1.36614
0.779108
1.23785
0.449951
1.42166
0.988717
0.93515
0.93706
0.638414
0.430969
0.847496
1.05246
0.464865
1.05336
1.38104
1.10612
1.03586
1.19749
0.949771
1.06161
0.892022
1.05534
1.5278
0.748616
1.17112
1.19888
0.99016
1.28839
1.45009
0.706029
0.987124
0.756308
0.67802
1.424
0.976381
-0.111593
0.950045
0.771678
1.0993
0.601518
0.458868
1.35176
0.676597
1.0922
0.865308
1.34225
1.65601
0.909448
0.834498
1.34772
0.73158
0.874754
0.628093
1.33489
1.22102
1.0537
0.482039
1.0363
1.12879
1.3192
0.639572
0.956059
1.32671
1.18389
0.701811
0.64869
0.718436
1.23016
0.802849
0.941412
0.424673
1.49164
0.717768
0.590033
0.706394
1.7107
1.3089
1.08137
1.03166
0.581025
1.2342
1.15271
1.36798
1.41136
0.405006
1.11752
0.488973
0.868132
1.1308
0.392243
0.56123
1.16773
1.13984
0.873552
1.45232
1.32476
0.849162
1.58428
0.856815
1.05253
0.754861
0.832948
1.06231
1.26287
1.19438
1.53524
0.58668
0.908802
0.724089
0.754456
1.16845
0.991586
1.20087
0.799052
1.02513
1.15754
1.00164
0.672188
0.688177
1.00413
0.683008
1.47259
1.29093
1.12355
0.915707
0.76086
1.18132
1.49088
0.908536
0.905231
1.22464
1.09959
1.38627
0.694001
0.798106
1.27068
0.797024
1.1514
0.892961
1.4426
0.956848
1.07927
0.812449
1.19194
1.19761
0.944954
0.535416
1.37694
1.17438
0.819057
0.646866
1.46438
1.18528
0.924564
1.34354
0.889599
1.27652
0.430976
1.10434
1.11318
0.417866
0.7506
1.05231
1.08963
1.16202
1.39966
0.771708
0.886859
0.920057
1.48745
1.22609
0.673884
0.882921
0.84584
0.824713
1.03896
1.1496
0.563437
0.913243
0.547415
1.00708
1.22708
1.09339
1.30671
1.44734
1.38418
0.695675
1.0484
1.03935
0.665389
0.910647
1.2514
1.15739
0.923484
1.55436
0.853411
0.283326
0.768566
1.45726
0.147845
0.758154
1.50419
0.808312
0.527707
1.24975
1.41762
0.396757
0.974093
0.905938
0.698902
0.662034
0.831334
0.577512
1.06064
1.73483
1.0936
0.872032
1.10809
1.78301
1.26001
1.26794
1.13894
1.3576
0.753966
1.36371
0.362369
1.44985
1.45213
0.967707
0.905019
0.915017
0.633298
0.760357
1.4109
0.951821
0.756619
1.20511
0.439858
0.787777
1.01538
1.0371
0.707918
1.35502
1.05054
0.851078
0.765859
0.805894
1.0435
0.990768
1.01905
0.594592
0.906944
1.22891
1.34348
0.723433
1.15297
1.15719
0.69936
0.145946
1.452
0.964237
0.735191
1.24612
1.09787
1.04485
0.713224
1.03656
1.298
1.22046
0.99346
1.47918
1.09251
0.876471
0.661623
0.910937
1.1393
1.14958
1.24363
0.73214
1.01725
0.791335
1.30639
1.21483
1.37932
0.953709
0.642728
0.906641
0.653459
0.643106
0.592254
1.3316
0.582854
0.497097
0.981945
0.746447
0.757844
1.34763
1.04867
1.27087
1.03882
1.41283
0.789887
1.20031
1.37656
0.94568
1.1121
1.17549
0.794618
0.97212
0.895327
1.11999
0.620208
1.44786
1.08
1.19426
1.10555
0.999971
1.06217
1.24957
1.32683
0.838602
0.755663
0.941599
1.23829
1.03278
1.27284
0.73834
0.7654
0.828774
0.402578
1.30428
1.15929
1.49277
1.08363
0.842681
1.43644
1.30357
1.38098
0.714375
0.678308
0.979006
1.11057
1.13372
1.38808
0.56213
0.531811
1.53922
1.16014
0.506287
1.14015
1.12004
0.868257
1.1601
0.666812
0.943601
0.800978
0.548643
0.989271
1.23661
0.91138
1.10034
0.987337
0.670762
1.07073
0.745048
0.999899
0.871883
0.665784
0.849547
0.801828
0.79881
1.23501
1.26476
1.86254
0.684164
0.467076
1.04044
1.24496
1.37843
0.87712
0.843557
1.26675
1.07315
0.831831
0.850354
0.868262
1.09557
0.922243
0.938121
0.899894
1.33126
1.01537
1.05111
1.01016
1.16261
1.28155
0.602601
1.4922
0.784494
0.225339
0.823628
1.26955
0.22391
0.71834
1.62091
0.858714
1.57027
1.21197
0.610291
1.2697
0.791618
0.758625
0.942445
1.51129
0.959112
1.06937
0.916178
1.59114
1.37945
1.00724
1.41395
0.841663
1.63545
0.787804
0.737184
1.27912
1.15588
0.826843
1.33445
0.875031
1.15245
0.885523
0.849444
1.45619
0.486518
0.641557
1.16024
0.853382
0.975252
1.13863
0.818735
1.48031
1.03457
1.00733
0.665119
1.22629
0.744018
1.1307
0.786559
1.04946
1.19632
0.749296
1.16033
0.865481
0.785494
0.736776
1.11931
1.32625
1.52087
0.902254
0.73441
0.941797
0.5367
0.88445
1.21759
1.64265
0.377358
0.885646
0.86472
1.21614
1.21582
1.11848
1.03887
0.600383
0.724487
1.23452
1.20022
0.837082
0.33533
0.943575
0.848802
0.732988
1.3564
1.09925
1.1173
0.587682
0.858061
0.745626
0.893368
0.969872
0.751534
1.14224
1.5427
1.18798
0.631103
0.955105
1.58531
1.49121
1.02512
1.53004
1.75621
0.776062
0.73643
1.38413
0.653272
0.90665
1.28855
0.85586
0.796635
0.972969
0.647043
1.17494
0.69642
1.43113
1.05568
0.933118
1.51161
1.08909
1.53936
1.12957
1.29037
1.31251
0.646799
0.868183
1.32651
0.680625
0.600633
0.987873
1.04914
0.527919
1.38046
0.64905
1.36328
1.1095
0.847595
0.914671
1.19395
1.18403
1.00628
0.9761
0.664929
0.648805
1.17667
1.23423
0.883616
0.765583
1.27752
1.08521
1.3614
0.853632
0.838639
1.05461
0.484678
1.28068
0.801237
0.854748
0.888584
1.0559
0.827834
0.793695
0.834481
0.673177
1.16512
1.06243
1.1848
1.34976
0.829024
0.775489
0.995448
0.866965
0.924268
1.09075
1.18988
0.836225
0.602851
1.05478
0.906032
1.16774
1.40376
0.69026
0.429
1.27103
0.700912
0.648414
1.15506
1.05805
0.805968
1.2974
0.874061
0.949405
1.0219
0.579304
1.66822
1.25705
0.859086
0.867509
0.950471
1.20697
1.16641
0.832063
1.08207
1.37517
1.24112
1.36858
0.605276
1.00829
0.900326
0.490339
1.75615
1.12358
0.761328
1.37656
1.04245
0.942922
0.701194
0.900526
1.18605
1.49865
0.948149
0.818138
1.10667
0.724504
0.619395
1.39786
0.72373
0.988667
0.932325
0.684185
1.13776
0.522921
0.882388
0.893516
0.749066
1.06267
1.19082
0.928297
1.11433
1.39539
1.02167
1.41108
0.657514
1.46686
1.0791
0.594641
0.685217
1.2691
0.723381
0.780264
0.427583
1.0232
1.16335
1.28074
0.825123
0.857869
0.849051
1.07192
0.896724
0.855178
0.892184
1.29355
1.18889
0.702294
0.797414
0.83038
0.71149
0.841633
1.16156
1.05307
0.908875
1.4426
0.888482
0.741831
1.41481
0.753915
1.14464
1.10795
1.54795
0.719183
0.851409
1.68691
0.772109
1.26023
1.04041
0.748185
0.764509
0.870371
1.28693
1.24986
1.05398
0.876997
0.990686
0.868454
0.588306
0.876807
0.88088
1.12687
0.95865
1.39988
0.513706
0.705276
1.00697
1.2656
-0.124748
1.36736
1.14797
0.917775
0.430157
1.10291
1.11816
0.965749
1.28164
1.53685
0.308078
1.0916
0.821256
1.0151
1.05344
0.734025
1.33156
1.14858
0.678715
1.12987
1.24747
1.3549
1.05931
1.03295
0.948185
0.834159
0.834064
0.771429
0.75535
1.81489
1.27589
1.17562
0.502246
1.2585
0.819225
1.20151
0.750483
0.804449
1.31905
1.53596
0.576948
0.895336
0.959571
1.12525
0.896041
0.863635
1.12261
0.755997
0.710082
1.2649
0.540181
1.36978
0.709228
0.883735
1.3381
1.01946
0.923245
1.23287
1.21431
1.04137
1.10693
0.701794
1.08974
1.29653
0.329458
1.1407
0.457089
1.133
0.614146
1.09568
1.08145
1.45583
1.44954
0.97633
0.73497
1.36403
1.20994
0.82491
0.788865
0.808874
0.333005
1.1351
0.887944
0.48101
1.22777
0.998008
0.493989
0.880509
1.1081
0.467065
0.683516
1.10414
0.535524
1.43681
1.51113
0.89528
0.863354
1.03168
0.813709
0.850437
0.991918
0.770655
0.751534
1.12695
0.949385
1.07652
0.76219
0.787255
0.642651
1.19926
1.1255
1.23743
0.736071
0.808165
1.06788
1.24681
1.08836
1.2428
1.01758
1.34088
0.938183
0.998217
1.05954
0.629188
0.66674
1.27609
0.558357
0.868506
0.73047
0.946809
0.603788
0.288604
1.39392
1.20249
1.49192
0.424827
1.59522
0.612021
0.530658
0.956591
1.12408
1.00384
1.54726
0.759988
1.1775
0.80945
0.882734
0.899025
0.972406
1.52619
0.768529
1.09305
0.910921
1.44266
1.09079
0.665904
1.10452
1.34245
0.982717
0.572471
0.775071
1.49517
1.03257
1.2344
1.90014
0.620953
0.660324
1.09294
0.797256
1.47631
1.32991
0.857636
0.665575
0.626986
0.612199
1.43324
1.37322
1.59415
1.54747
0.65789
0.684044
1.24385
1.13731
1.31198
0.735439
1.36776
1.02686
1.13579
1.01495
0.868471
0.993332
0.440918
0.869661
1.46266
0.99529
0.95072
1.56682
0.800536
0.348792
1.36577
0.433698
0.98801
0.882026
1.25832
1.18132
1.13383
1.08417
0.541522
0.997143
1.23341
1.39005
0.790304
0.822233
1.56394
1.51835
1.12388
1.29613
1.20761
1.10721
1.13252
1.11685
0.0480033
0.889004
1.00269
1.20863
0.968451
0.990673
1.45821
1.02457
1.56134
0.936275
0.798021
0.666624
0.869265
1.45687
0.543421
0.93702
0.584568
1.38989
0.802396
1.08742
0.816788
0.820119
0.844357
0.822462
1.21765
0.512851
1.14045
0.807189
0.976916
1.06805
1.21543
0.988391
1.03769
1.41154
1.21391
0.969212
0.491899
0.991967
0.652128
1.50194
1.16449
1.22179
1.26351
1.37778
0.892473
1.75549
1.21154
0.729865
1.27926
0.853755
1.47377
0.656592
1.2985
1.23347
0.637596
0.995669
0.882978
0.925212
0.705443
0.376119
0.933435
0.962912
0.832666
0.619234
1.58147
0.732709
0.95119
1.78604
0.726787
0.938674
0.785276
0.653186
1.15413
1.03987
0.809041
1.02317
1.02835
0.872627
1.10539
0.794845
0.691859
1.10897
1.02519
1.08942
1.13237
0.873816
0.577137
0.95751
0.721094
1.20515
1.21023
0.767041
1.0338
1.16296
0.520714
1.20544
1.06925
1.01791
1.4815
1.0213
1.1781
0.947465
1.24481
1.50794
0.901851
1.15614
1.37553
1.56794
1.15423
1.17256
1.44177
0.852031
1.16524
0.911057
1.1836
0.879843
0.400063
1.07823
0.912213
1.19502
0.882859
0.799965
1.2173
1.23695
1.03902
1.32652
1.12828
1.43421
1.10202
1.67843
1.1356
0.959665
0.800233
0.647053
1.41553
1.70054
1.05263
0.972387
1.18246
1.00583
0.987661
1.0992
0.874127
0.566603
0.928173
1.41517
0.940283
0.521044
0.664352
1.17322
0.838825
0.486995
0.847711
1.06425
0.320324
1.29234
0.860709
0.315121
1.20933
1.12449
0.500021
1.20968
0.824826
0.924273
1.36721
0.749408
1.21401
1.30817
1.07387
0.836381
1.56772
1.08268
0.6188
0.582878
0.270302
0.448061
0.751148
1.20929
0.942461
1.11777
1.50615
0.918362
1.09725
0.892317
1.14324
1.02781
1.24778
1.26649
0.80293
0.710805
0.785477
1.7101
1.24359
1.71264
0.547079
0.91294
1.45071
0.478246
1.16998
1.01662
0.790708
1.05603
1.36445
1.17025
0.897127
1.10816
1.35112
1.00547
1.31007
1.2769
0.77275
0.854934
0.681276
0.697239
1.08468
0.608395
0.84347
1.08672
1.07671
0.918653
1.19006
1.0255
0.930527
1.23204
0.873925
0.979507
0.74464
0.99938
1.12711
0.715626
1.50083
1.12911
0.839589
0.525429
1.06326
1.0005
0.773398
0.980046
0.824415
1.12248
0.650189
1.61803
1.08464
1.55077
1.10085
1.19305
0.927434
1.04912
1.00465
0.762515
1.30816
0.882859
1.14322
1.12807
0.707291
1.51595
0.886953
0.939379
0.480162
1.50691
1.49658
1.09592
0.796116
1.1802
1.12483
0.731618
1.28477
0.386055
0.955117
1.32377
0.428449
0.892082
1.37583
1.24193
0.631197
0.987289
0.769111
0.880135
1.29607
1.50003
0.522221
1.10343
0.876462
1.11712
0.644687
1.09856
1.18398
1.05056
0.918018
0.957136
1.15844
0.513992
0.44233
0.980413
0.818773
1.07981
0.885011
1.03331
1.44739
1.29687
1.56797
1.52496
0.941416
0.946556
0.965143
0.587935
0.629156
0.542275
0.949264
1.33384
0.771285
1.07242
1.46774
1.12672
0.532592
1.21747
0.597416
0.610281
0.973471
1.16802
1.26332
0.673432
1.07345
1.15648
0.965317
0.698029
0.601321
1.20041
1.32505
0.751233
1.24574
1.1988
1.00671
0.852335
1.03597
1.17876
1.26088
0.309919
0.921897
1.20161
0.868909
1.16214
0.769457
1.14692
0.911762
0.919277
0.759132
1.15185
1.22203
1.18539
1.04508
0.84299
0.91053
0.481091
1.18882
0.929453
0.699796
0.933661
0.651091
0.753287
0.841678
0.717556
1.0177
0.739242
1.16244
1.22204
1.2459
0.559018
0.607427
0.619706
0.842968
0.704026
0.759999
0.767013
1.00711
1.21805
1.02381
1.26648
0.834803
0.517446
1.40357
1.2158
0.758154
1.15899
1.24273
1.06555
1.2526
0.990881
0.88748
1.2229
0.99903
1.18113
0.904777
0.65355
1.39343
0.628935
1.05513
0.802805
1.36312
1.12114
0.683424
1.00609
1.17091
1.1034
1.09208
0.844953
0.947905
1.5117
0.307902
0.479039
1.21866
0.523299
0.746085
1.49854
0.801119
1.11224
1.31651
0.426766
1.40938
0.969412
1.16875
0.817555
1.18179
0.973749
0.482008
1.00584
1.07167
1.02556
1.5029
1.21565
0.822833
0.629818
0.85367
1.84663
0.72168
0.714441
1.1261
1.45007
1.04057
0.971537
0.960646
0.804583
0.854056
0.857647
1.50014
1.23145
0.931813
1.00358
1.03206
0.865454
0.581729
1.13138
0.903794
0.873791
1.10855
1.19994
0.993712
0.496419
0.601999
0.916099
0.258066
0.637419
1.11083
1.17946
1.20088
0.516547
0.607998
1.19712
1.05795
1.04524
0.929306
0.720091
1.08882
0.432183
1.22028
0.789111
0.77642
1.17962
1.32115
0.775574
1.19885
1.45393
0.991914
1.26019
0.956913
1.42463
0.953385
1.25275
1.25479
0.974179
1.56826
0.159415
1.15757
0.827964
0.92182
1.34667
1.12032
1.18841
0.680631
0.751117
0.914088
1.06776
0.859565
0.791978
0.932589
0.872931
0.940168
0.687916
1.22329
1.53872
0.490026
0.524211
1.34715
0.609464
0.856565
0.839067
1.08958
0.897078
1.50316
0.941813
1.22323
1.70687
1.39194
1.52812
1.08279
0.499858
1.67224
1.27503
0.700404
1.25121
0.704532
1.17749
1.29281
0.859039
1.04804
0.579754
0.29023
0.665558
0.539706
1.0682
1.33457
1.25259
0.334371
0.954198
0.84264
0.890309
1.22978
1.39335
0.854638
0.352759
0.659988
0.663629
0.703121
0.926098
0.847756
1.38155
1.11264
1.04115
1.33667
1.18724
1.07757
0.600488
0.97678
1.14042
1.20521
1.23863
1.18169
0.676366
1.05009
0.547481
1.15125
0.84796
1.10371
0.670254
1.21997
1.46669
0.910349
1.20849
0.7151
0.921962
0.974819
1.21325
1.2548
1.02982
0.569766
0.705755
1.04578
0.884703
1.22376
1.17905
0.660766
1.24734
0.82858
0.837839
1.41279
0.761516
1.09007
1.39594
0.974851
0.989287
1.15272
1.52715
1.1838
0.949778
0.70855
1.16992
0.944199
1.13007
0.746425
0.717563
1.33944
1.24092
1.55012
0.971552
1.34059
0.943965
1.29026
1.00596
0.816413
0.794921
1.22944
0.795996
0.657287
1.60901
1.83715
0.802572
1.15942
1.34839
1.12972
1.10787
1.19154
1.0586
1.52688
1.31563
0.993571
1.03368
1.55985
1.16466
0.94825
1.0921
1.08464
1.5105
1.22722
1.53881
1.1856
0.895714
0.994874
0.884471
0.892068
0.544676
0.835339
1.20571
0.997526
1.38108
1.09265
0.711836
1.0309
1.51612
0.980117
1.61687
1.37489
0.863271
0.61375
1.09969
1.13404
1.11736
1.66124
0.790014
1.43321
1.32844
1.04377
0.642606
1.08643
1.43409
1.23039
1.1931
0.731108
0.779676
1.25738
1.26918
0.524893
1.07144
0.830324
1.20768
1.11063
1.17334
0.978998
0.728381
0.798027
1.09775
0.929676
0.589036
1.51184
1.0487
0.912858
0.83766
1.02671
1.1722
0.385374
1.05864
1.11589
1.06958
0.980618
1.44519
1.40183
0.82886
0.812892
1.11497
0.84947
0.77506
0.764904
0.607725
1.19056
1.20202
0.220238
1.32128
1.18232
1.07703
1.31285
0.52569
0.720462
0.629758
0.990929
0.996025
1.17371
1.11414
0.79918
0.857383
0.932977
1.25551
1.02561
1.26032
0.580377
0.722398
1.56564
1.10222
0.926849
0.829104
1.39877
1.20201
0.694764
1.29906
1.28088
1.39701
1.431
0.808925
0.410304
0.57735
0.486036
0.782624
1.33248
0.977431
1.24032
0.959784
1.10809
1.26924
0.849184
0.396107
0.616086
0.944866
0.00945095
0.903798
1.1368
0.648177
0.860905
1.22296
0.688072
1.03674
1.4374
1.15103
0.776145
1.33386
1.1351
0.76155
1.17797
0.990965
0.535975
1.17878
1.01558
0.753123
1.00553
1.07308
0.942367
1.12782
1.17553
0.74316
0.861425
1.17522
0.846521
0.866757
1.16433
1.18981
1.15328
0.556951
1.25575
1.04635
0.933264
0.767842
1.71678
1.17096
1.38108
0.86403
1.03471
1.4196
1.16167
0.855858
0.907146
0.886367
0.221839
1.09078
1.33592
0.734706
0.785542
1.11338
1.37137
0.991842
1.35532
0.935086
1.19582
1.11858
1.02063
0.94214
0.873435
0.791428
0.782271
1.43385
0.807512
1.26157
0.607609
0.710881
0.94465
0.805581
1.10465
1.28627
0.938361
0.965128
1.18563
1.20388
0.961676
0.940019
0.731573
1.16917
0.794177
0.847027
1.05056
1.11506
1.15212
1.38474
1.3074
1.04143
1.10345
1.06318
0.869411
0.892993
1.31149
0.735705
1.11085
1.08288
0.775516
1.32566
1.24841
1.25165
0.942822
1.07433
1.25304
1.21614
0.968779
0.662675
0.963964
1.18445
1.07692
1.16963
1.27725
1.12699
0.760249
1.16828
1.2423
0.754294
1.02259
1.25009
0.243854
0.846879
1.26158
1.21348
0.771808
1.31129
0.483206
1.10764
0.749044
0.465962
0.487781
0.745584
1.04032
1.14064
0.989053
1.4407
0.632141
1.03222
0.397189
0.695989
1.49342
1.30559
0.503814
0.703597
0.832801
1.19717
0.598605
0.874348
0.92953
1.11894
1.02697
1.66512
0.542831
0.760977
1.26758
1.04822
1.45558
1.77863
0.992715
0.891294
1.05377
1.05955
0.521778
0.843642
1.05405
0.787722
0.814598
1.32239
0.978653
1.22375
1.1291
0.12219
0.581459
0.787356
1.2269
1.17124
0.910993
1.06051
1.08362
0.538351
0.695854
1.03014
1.08713
0.890936
0.878928
1.75463
0.843035
0.471424
1.22683
0.876506
1.04707
0.935468
1.31844
1.17102
1.2174
0.929775
1.08532
1.57043
1.51306
0.742261
1.22058
1.03154
0.925007
1.00914
1.34176
0.930714
1.03971
1.23452
1.28275
0.719876
1.31741
0.128802
0.766975
1.04811
0.9
1.14157
0.975707
1.53574
1.09935
0.735544
1.0986
0.559382
1.32759
1.45601
1.62028
0.372759
0.80952
1.06545
1.0603
0.958477
1.65337
1.35588
1.34508
0.760958
0.840536
0.768913
0.999038
1.10835
0.789245
0.661914
1.32918
1.18255
0.953697
1.13332
1.68948
0.950769
0.890669
1.39919
1.33345
1.08268
1.06885
0.898657
0.618066
0.664377
1.3401
1.11566
1.24237
0.63847
0.710217
1.22496
1.42865
1.23628
0.853558
1.10822
1.37429
1.71438
0.696879
1.09974
0.784929
1.12825
1.29724
0.588659
1.19836
0.673248
0.864512
1.37858
0.431361
0.784921
0.779138
1.02489
1.17229
0.988281
0.645024
1.15664
1.26472
0.248476
1.09836
1.32603
1.16387
0.807485
0.956421
0.506628
0.972
0.496837
1.30497
1.01242
0.487684
0.547736
0.402565
1.16811
1.19954
0.724277
0.321813
0.958366
1.18708
1.23209
1.89655
0.890059
0.990565
1.11115
1.3912
1.01692
0.623987
1.14889
0.712537
1.38515
0.799774
1.01037
0.812188
0.604101
1.11375
0.92004
1.03203
0.77464
0.619757
1.02327
0.849607
0.610269
0.769412
0.406227
0.732876
0.948381
0.954445
0.610838
1.03877
0.976159
0.79401
0.747857
0.322091
0.919637
1.00923
0.852338
1.55704
1.09464
1.14393
1.28203
0.940248
1.46
0.0927597
0.689925
1.04241
0.952882
1.50387
0.54201
1.3249
1.03015
0.38116
0.622918
0.563805
1.1512
0.755764
1.18915
0.864835
1.03388
0.690155
1.49604
0.785543
0.864931
1.25729
1.37383
0.629137
0.791046
0.223741
0.494808
1.04154
0.558031
1.34934
0.754452
1.0736
1.203
0.836157
0.630956
0.780798
1.11107
1.07892
1.56063
0.993068
1.23754
1.00494
0.969431
1.19597
1.07325
1.7266
1.18163
0.822208
0.879049
1.26665
0.562142
1.32314
1.3099
0.74578
0.987253
1.35397
1.48285
1.22799
1.5162
1.03718
1.17798
0.994029
1.18595
0.873965
1.07436
0.723351
1.03167
0.860865
0.833278
1.58058
0.921724
1.29891
1.29184
1.00291
1.15185
0.816283
1.23283
1.16586
0.386801
0.943463
0.721667
0.997314
1.39986
1.14198
0.910954
0.832683
0.775887
0.870049
1.123
0.161651
1.07593
0.670705
1.01328
1.10117
0.551171
0.916652
0.610281
1.07817
1.32889
0.918167
0.448297
1.12005
1.25262
1.00152
0.897169
0.693723
1.11615
1.06772
1.134
0.640402
1.66954
0.98383
0.723746
1.06796
1.2176
1.0374
1.23096
0.931907
0.810798
0.987687
0.752737
0.855152
1.21339
1.309
0.975952
0.907404
1.2676
0.90229
1.01943
1.4324
0.590972
0.896614
0.349139
0.252374
0.829056
0.672572
1.45404
0.432708
1.23502
0.875927
0.993803
1.1661
0.468256
1.10834
1.22847
0.58826
0.656779
1.15241
1.6655
0.965419
0.610903
1.46132
0.929358
1.16286
0.751983
1.216
0.86897
1.24841
0.945036
1.17738
0.979934
1.33172
0.479692
0.764168
0.622373
1.21504
0.856521
0.747782
0.95276
1.39811
0.931654
1.42126
0.926809
1.38432
1.01815
1.13975
0.955833
1.16173
0.956573
1.34025
0.971843
1.41289
1.31799
1.15323
0.576125
0.612781
1.25881
1.06057
1.06728
0.589665
1.10269
0.869512
0.981842
0.940667
0.910365
1.0303
0.72539
1.52386
0.8056
0.756143
0.938787
0.974972
1.29956
0.769842
0.80767
0.805247
1.28745
1.86603
1.1726
1.33415
0.83593
1.22659
1.4162
1.35585
1.2094
0.703875
1.07512
1.42594
0.593586
1.17839
1.12306
1.30163
1.13576
0.868764
0.630241
1.21027
1.47518
0.742266
1.33778
0.972298
1.01073
0.819037
0.922889
0.733071
1.33744
0.493921
1.16092
1.19277
1.01203
1.42586
0.389151
0.918333
1.2441
1.12155
1.24219
1.01996
0.482433
1.06798
0.970618
1.40136
0.381778
1.12973
1.15056
0.877374
1.22066
0.813313
1.0037
0.748284
1.05972
1.26954
0.762236
1.44124
0.999501
0.383968
1.37764
0.926666
1.37946
1.05066
1.02687
0.942971
0.627282
0.327233
0.762124
0.736834
0.258015
1.46316
1.10675
1.30303
0.946657
1.13036
0.677015
0.967348
1.14757
1.11104
0.577697
0.801092
1.2414
1.02941
0.300629
0.977911
0.63575
0.908468
0.716776
1.32148
0.932456
1.46324
1.13461
1.5639
1.13976
0.890484
0.637983
1.06947
0.631936
0.956706
1.13604
1.49984
0.657105
1.4819
1.27171
1.41717
1.32099
1.1147
0.618792
1.18443
0.910995
0.173134
0.53794
1.56557
0.883846
0.527388
1.31287
1.08543
1.02275
0.364093
0.809846
1.22916
0.533132
0.956483
1.00644
1.14948
1.13611
1.35887
1.04243
1.0484
0.991347
0.961718
0.849892
0.880927
1.1423
0.712094
0.897733
1.28429
1.23966
0.783737
1.14005
0.764926
0.746189
1.15108
0.471123
1.01198
0.871624
0.754505
0.968485
1.33432
1.20068
1.38212
0.793976
1.24783
1.06031
1.36652
0.864571
1.25622
0.682041
0.0291578
0.508499
0.844924
0.850079
1.16138
1.13775
1.38286
1.06408
0.793974
0.906872
1.30025
0.907675
1.0827
1.03949
0.933798
1.21556
0.696551
0.804994
0.919043
0.671137
0.772063
1.02502
0.826742
0.899654
0.730348
1.28545
0.467537
1.09273
1.26698
1.13677
1.04957
0.625767
0.467701
0.902899
0.656306
0.487747
1.0938
1.37588
1.27824
0.869867
0.607593
1.2057
1.03595
0.790839
0.96818
0.515396
0.992879
1.058
0.904272
1.07404
1.58141
1.20519
0.699011
1.36097
1.14257
0.691239
0.80565
0.790996
0.757141
0.761741
1.29599
1.17849
0.706423
1.22657
1.05165
1.61624
1.3777
1.1313
0.995352
1.30143
0.921931
1.45036
0.986705
0.886655
0.562463
0.69318
0.959558
1.14344
0.903351
0.936316
1.56616
1.11821
1.24981
0.707987
1.33257
1.2131
1.36034
0.55436
0.629371
0.891659
0.738181
1.08728
1.28845
1.00754
1.15999
0.842121
0.842819
0.782086
0.970288
1.40071
1.31386
0.496035
0.926566
0.822167
1.06128
0.779342
0.690047
1.23699
0.474631
1.36677
0.988613
0.774782
0.716531
1.12938
1.21495
1.14976
0.595665
1.13229
0.962863
0.897573
0.85115
1.36563
1.05958
0.456904
1.02704
0.858194
1.14823
0.588419
1.05473
0.63958
0.369096
0.666573
1.0716
1.39938
1.09192
0.740952
1.20421
0.168737
0.906971
1.26263
0.248351
0.638462
1.1115
1.63361
1.44658
1.76378
1.31732
0.775382
0.341069
0.996077
1.27718
0.939206
1.10498
0.781502
1.12029
1.45864
0.618944
1.23216
0.986798
1.40367
0.676488
1.1315
1.04268
1.28476
1.16836
0.879151
0.879541
0.681959
1.07443
1.15205
0.968924
1.05374
0.733264
0.796982
1.16054
1.05514
1.675
0.849372
1.13995
0.790524
1.24646
1.27967
1.24998
0.761752
1.10249
1.0289
1.00672
1.22794
1.12729
0.857937
0.814708
1.0769
1.45685
0.75289
1.03591
1.15376
0.984435
1.29616
0.823628
0.985332
0.9997
0.539992
0.878132
1.28849
0.560652
1.01592
0.870106
1.36358
0.768235
1.00487
0.610551
1.19686
1.06829
1.2777
1.40802
0.924947
1.1438
0.627599
0.936333
0.915626
0.796455
1.01268
1.08858
0.696602
0.577446
1.61353
0.97728
0.837178
0.895515
0.610423
1.32812
0.971127
0.955316
0.899538
0.994289
1.18706
1.30587
0.985422
1.35283
1.19685
1.30936
0.672656
0.742253
0.681507
1.07316
0.680759
0.838183
0.622765
1.39646
0.697453
1.19453
1.00863
1.05797
0.991889
1.37592
0.878967
1.22705
0.531372
0.737676
0.827191
1.32015
0.676168
0.540216
0.635951
1.06468
0.708899
1.56962
0.492754
0.265356
0.633486
1.01511
1.24954
1.39944
1.34055
1.10401
0.766938
0.965355
1.30055
0.706542
0.711013
1.86706
1.08373
0.903844
1.01586
1.26642
1.44297
0.878212
1.12834
1.35777
0.929471
0.876421
1.56236
0.706939
1.04721
1.1786
0.877711
1.06057
1.11868
0.893546
0.998559
1.45326
1.27072
1.14615
1.19319
1.40892
0.453152
1.00485
0.892898
1.16535
1.13147
1.11405
0.711896
1.12182
1.24087
1.22739
0.850172
0.879654
1.19009
0.902676
0.312183
1.0771
0.72109
0.85296
1.03037
1.20158
1.19775
1.10894
1.35679
0.508501
1.12993
0.257413
0.819469
1.06343
1.05144
0.448166
0.971062
0.786578
0.883578
0.878976
0.835887
1.00227
0.964675
0.851191
1.27288
1.03708
1.03554
1.10146
1.00629
1.13424
1.46926
0.66479
0.761404
0.837859
1.02176
1.16086
1.19294
0.770227
1.68984
0.82378
1.40022
0.540898
1.30064
0.675645
1.01183
0.909783
0.652712
1.13371
0.382162
1.45238
1.02623
0.538763
0.767802
0.878323
0.889616
0.645369
0.992472
1.32822
0.593427
1.66975
0.84362
1.39685
0.785812
0.7911
0.635003
0.997827
1.34593
0.327668
1.44083
1.43417
1.12949
1.4436
0.351405
1.16455
1.20353
0.357272
-0.00460906
0.906518
0.976672
1.01682
0.735835
1.1841
0.996221
0.892409
1.23765
1.11093
1.14233
0.558255
1.03207
1.6971
1.25762
0.936243
1.19007
1.23342
0.796698
0.733138
0.846626
1.14439
0.703412
1.15268
0.715201
1.07591
1.25265
0.432581
0.642756
1.48125
0.668775
0.951478
1.03538
0.819578
0.989852
0.903775
1.08535
0.860508
1.44036
0.834678
1.11441
0.986709
1.21241
0.875548
1.04814
1.22351
0.540793
0.972328
0.820146
1.10337
1.15822
1.57752
1.36239
1.25865
1.40704
1.14281
0.723386
1.09949
1.26782
0.89338
0.656911
0.654337
1.53582
1.30026
1.0918
1.21507
1.02198
0.760615
0.761103
1.05279
0.69725
1.08427
1.0971
1.57278
0.865662
0.654274
0.374905
0.493038
1.60104
1.15663
1.00753
1.06993
1.3044
0.880263
0.997808
1.46204
1.43964
1.17787
0.915285
0.838385
0.875397
0.851238
0.899136
0.474904
1.24577
1.00221
1.16713
0.565489
1.06179
0.927736
1.18019
0.958309
0.721178
1.49156
1.17547
1.04098
1.11493
0.293371
0.687333
0.509598
1.14956
0.827795
1.17975
0.651285
1.04586
0.8851
1.1355
0.645399
0.458164
1.04701
0.950074
1.06147
0.544653
0.420933
1.06422
0.609745
0.963286
1.457
1.24924
1.21428
1.15495
0.902756
1.11826
0.255276
0.935577
0.709665
0.800904
1.61791
0.351088
1.40063
1.07853
0.820156
1.14366
1.51798
1.1488
0.873019
1.5286
1.25272
1.08434
1.26837
1.44495
1.24333
0.61934
1.6098
0.708111
1.35505
0.515071
0.81304
1.09445
0.354159
1.25146
1.17446
0.487703
1.38566
1.144
0.802232
0.35221
1.09081
0.626082
1.01129
0.948271
0.975759
0.557384
1.17048
0.791039
0.661889
1.00942
1.08253
1.17353
1.29076
1.4692
1.34352
0.526539
0.881111
0.130957
0.849339
1.09028
0.933595
0.94278
0.822764
1.79566
1.10193
0.908734
1.0574
0.904929
1.16884
0.808513
0.699272
0.581647
0.619332
0.80417
1.05917
0.591806
0.586583
1.03934
0.689684
0.806546
0.885322
0.7743
1.00679
0.518891
1.38381
1.36908
0.829503
1.03034
1.11087
0.776172
0.722579
0.766803
0.582812
1.25632
1.12433
1.22188
1.03649
0.368187
0.73615
0.810498
1.49433
1.08316
0.809729
0.719265
1.30382
1.13712
0.681298
0.823256
1.19585
1.07067
0.847315
1.27195
1.29156
1.16513
1.42227
0.783909
1.23597
0.625807
0.864719
0.974755
0.91307
1.43021
1.06881
1.09988
0.844847
0.988934
0.966586
0.741186
1.00591
0.745825
0.994646
0.670007
1.80687
1.23413
1.03389
0.617292
0.721913
1.21347
1.10065
1.05924
1.04565
0.994288
1.15248
1.07667
1.30599
1.24715
0.784546
0.374519
0.843884
0.299654
0.465814
1.27267
1.32772
0.587203
1.2022
1.02621
0.845327
1.10088
1.1797
1.29048
0.712925
1.01564
1.36588
1.37972
1.49096
0.726484
1.00585
1.41154
1.24488
0.854436
0.694894
1.43755
0.964896
1.03924
1.55915
0.991484
1.11696
0.798706
1.0508
1.05049
1.34959
1.24471
1.44383
0.707862
0.72884
1.30172
0.95698
1.09963
1.30086
1.14744
0.344452
0.836501
0.611805
0.98712
1.13911
1.5418
0.738132
1.42731
0.818974
1.1651
0.770292
1.05002
1.54422
1.10653
0.793768
0.987186
1.01237
1.49999
1.27135
0.931357
1.31297
1.89488
1.53051
0.992943
0.97886
0.860652
1.04442
0.836148
0.812366
1.31561
1.11687
1.02814
1.1817
1.35349
0.924936
0.895654
1.23363
1.17151
1.34731
0.787166
0.899312
1.05021
1.01106
1.19022
1.48485
0.952026
1.3415
0.736329
1.19559
1.03554
0.320947
0.906577
1.06192
0.952255
1.07156
1.61467
1.2987
0.761264
1.14649
0.521492
1.17462
0.974907
1.31213
1.1683
1.43314
1.03074
0.609335
0.860412
0.911792
0.57633
0.798464
0.978495
0.920832
1.53475
0.505919
1.1464
0.903909
0.997323
0.889685
0.801728
0.876653
0.646786
0.742627
0.227211
1.10371
1.36829
1.07577
1.3272
1.27691
1.54018
0.872046
0.774978
0.858596
1.0127
1.23106
0.915834
1.32327
1.03042
0.918745
1.34127
1.21695
0.681579
1.35836
1.03753
0.475069
0.931542
0.844644
1.02031
1.55145
-0.044453
0.656231
1.31464
1.24036
0.727809
1.36287
0.751688
1.44959
0.616803
0.952754
0.690191
0.85621
1.22958
1.10221
0.564567
1.27929
0.691913
1.14236
0.578645
1.07501
1.12264
1.38112
1.35557
1.08177
1.41858
0.843923
0.845285
1.30041
1.13532
1.08726
1.01435
1.0877
0.986046
1.15751
0.698505
1.55365
0.922892
0.829869
0.775729
1.3151
0.840622
1.66858
1.37548
0.976423
1.59115
1.11741
1.60139
1.45907
1.66455
1.64421
1.38666
1.27218
0.969448
1.24179
0.520995
0.761645
1.23849
1.25355
1.37405
1.09041
0.819555
1.01435
1.03719
1.42148
1.15995
1.50302
0.960681
1.02125
0.900584
1.06181
1.47658
1.08965
0.996629
1.16222
1.47673
1.43672
0.987237
1.04621
0.603641
1.45333
1.02564
0.664504
0.759901
1.44428
1.06941
0.894782
1.48838
0.611629
0.758891
1.68065
0.659494
1.02776
0.693815
0.427943
1.27721
0.973198
0.869642
1.01341
0.938438
0.315067
0.800517
0.715707
1.09269
1.14399
1.15802
0.862009
0.996651
1.14135
1.05072
0.7652
1.38583
0.814702
1.42687
0.693355
0.886202
0.842751
0.764033
1.29242
0.892946
1.21661
1.30563
0.328748
1.27825
1.40771
1.71726
0.82029
0.271201
1.22764
0.997838
1.05974
0.926374
1.48301
0.602425
1.0777
1.68956
1.19622
0.709887
0.960738
0.659972
0.807503
1.0031
1.28298
0.901116
0.868973
1.18228
1.11899
1.05946
1.72207
0.750205
0.860631
0.819707
1.25012
1.56839
0.503753
1.07608
0.990112
1.11371
1.65954
0.435608
1.24521
1.12098
1.22971
1.0603
0.842844
1.78798
1.30087
1.24275
0.633244
0.587725
0.769143
0.76423
0.975171
0.744701
1.19408
0.744369
1.56094
0.760612
0.387545
1.20089
0.845984
0.756145
1.56158
1.61744
1.08405
1.28127
1.08827
0.870792
1.11849
0.892549
0.658354
1.03174
0.360803
1.04834
1.11275
0.542892
1.12037
1.33428
1.17454
0.600577
1.78479
1.29104
0.778186
1.58809
1.0798
1.24774
0.865311
1.07666
0.645375
0.766554
0.86607
0.791392
0.906126
1.71588
1.58744
1.33102
0.608381
0.809557
1.6128
0.335076
1.35425
1.25737
1.27204
0.674501
1.23687
0.188079
0.992487
1.18378
0.699081
1.06194
1.57082
1.04617
1.50385
1.01986
0.473335
0.857727
0.42237
1.16041
0.7525
1.14992
0.384471
1.09439
0.839976
0.817091
0.599114
0.0372536
0.793031
0.967216
0.856851
1.40397
0.703094
0.924238
0.75135
1.04673
0.680583
0.911183
1.03323
0.345963
0.834106
0.657103
0.915359
0.823392
1.26676
1.31254
1.23936
1.12029
1.07412
0.730023
1.12636
1.3007
1.2329
0.722934
1.00963
1.17586
1.30902
0.814446
1.02882
1.10481
1.0271
1.2493
1.21998
1.01182
1.12597
0.72585
1.31094
1.14793
1.13825
0.890721
0.451119
0.921783
0.811745
1.13185
1.38794
1.06841
1.21173
1.44585
0.856736
1.01549
1.11172
0.764518
1.01686
0.955508
1.15376
1.4402
0.746487
0.987474
1.35994
1.03664
1.08915
0.818091
0.518503
0.799035
1.10834
1.12472
1.5999
0.805062
1.13468
0.515364
0.81875
0.890802
0.610436
0.729195
1.00644
1.0186
1.12129
0.945959
1.22265
1.13747
0.765371
1.36768
0.977221
0.391587
0.981447
0.537062
0.875937
0.928136
0.851113
0.743793
1.33309
0.764244
0.726181
0.914262
0.882215
1.06881
0.859994
0.901302
1.48945
1.34367
1.01366
0.560611
1.07572
1.06393
0.77907
0.495575
0.791629
0.671389
0.743126
0.268623
0.705318
1.47179
1.0317
1.22463
1.46525
0.545366
0.757735
0.986798
0.990887
1.16198
1.0529
1.058
0.605188
1.09184
1.34376
1.08161
1.58298
0.895786
0.92373
0.971226
0.551582
1.21286
1.49685
0.803989
1.11329
1.49916
0.652981
0.780074
0.907988
1.00929
0.637941
0.51447
1.30224
0.68981
1.06668
1.16069
0.612463
1.0699
1.04587
0.887435
0.820242
0.44426
1.24575
0.833185
0.177241
0.648287
0.814586
0.662199
0.934006
1.10446
0.602235
0.848956
0.812283
0.865858
0.918375
0.560414
0.677709
1.26875
1.46485
1.47386
0.934947
1.71731
1.09742
0.737585
1.17356
0.728098
1.32644
0.82516
1.30452
1.15057
0.775036
0.919976
0.907289
0.86299
0.847002
0.679846
1.05637
1.15925
0.779106
0.683316
1.27562
0.689629
1.10003
1.1877
0.624033
0.671573
1.33944
0.595987
1.04241
0.787546
0.541334
0.921709
1.04042
1.22977
0.639031
1.43269
0.92426
0.785774
1.10435
1.45269
0.307331
1.20793
1.4204
0.839103
1.07442
0.918071
1.30173
0.917521
1.01149
1.2795
0.71727
0.823923
0.651967
1.38552
1.021
1.32272
0.939769
0.876632
0.610227
1.01773
1.01557
0.858732
1.07063
0.471472
0.247995
1.08682
0.750387
1.96236
1.0429
1.02076
0.594854
1.03406
1.35769
0.579805
0.837225
0.739068
0.0523356
0.443348
1.02372
1.14435
1.24721
1.14037
1.62614
1.44499
1.07268
1.10124
0.733576
1.28008
1.21882
0.738817
1.08121
1.00438
1.06137
0.962055
1.37528
1.71284
1.08955
1.11629
1.1617
0.758125
1.07348
1.079
0.6501
1.24969
0.542036
0.922086
0.893625
1.36163
1.25842
1.14654
1.15932
0.621244
0.86311
1.29605
1.1639
1.42185
0.962231
0.819646
0.455147
1.26849
0.966182
1.19534
1.29306
1.28101
1.34085
1.23021
0.429532
1.31031
0.672109
0.569328
0.934956
1.10054
1.04182
1.5004
0.924263
0.739953
1.53701
0.733225
0.843097
1.23957
0.404942
1.3882
1.32257
0.671122
1.18918
0.886652
0.643567
1.18532
0.871766
0.645605
1.1939
0.688479
0.997921
1.02122
0.88089
0.879928
1.25796
