7.9878
7.89132
8.06843
7.89248
8.00333
8.07448
8.00336
7.94734
8.04625
8.02007
8.21247
8.03717
8.1021
8.07834
7.98722
7.96632
7.93128
8.13084
7.90642
7.73276
7.92273
7.94784
7.79847
8.00504
7.91054
7.99868
7.98153
7.93205
7.99263
8.08582
8.03769
7.92507
8.14023
8.08059
7.96648
8.06726
8.12115
8.00465
7.97149
8.11509
7.86857
7.98689
7.9529
8.00723
8.16733
7.99898
7.95944
7.96847
7.9393
7.84037
7.90119
8.07971
8.11047
7.86744
7.90283
8.15696
8.01587
7.98381
8.14182
7.80064
8.0568
7.99859
8.05156
7.88025
8.11167
8.05573
7.85643
7.9886
8.0941
7.97812
7.95821
7.89517
7.98652
7.88991
8.07461
7.99176
8.00958
7.99333
8.00188
8.11417
7.98422
8.13277
8.11022
8.04506
8.01326
8.0059
8.01269
7.81476
8.09906
7.97738
8.09301
8.09909
7.92581
8.00426
8.20048
7.98782
8.07758
7.71434
8.13453
7.97356
7.95053
7.9588
7.94198
8.16031
8.09151
8.04912
7.87588
8.05614
8.0552
7.98629
7.90745
7.9011
7.92957
8.09178
7.96166
8.12034
7.96426
7.96626
7.95506
7.9726
8.11978
8.05474
8.06975
8.13222
7.83448
8.08971
8.00702
7.89721
8.1657
8.07182
8.01577
7.98519
7.81334
8.05766
8.24705
8.08004
7.80474
7.89595
7.78664
7.89893
7.98448
7.97339
8.1174
8.09051
8.20389
7.95
7.8927
8.03242
8.03103
7.7875
7.98457
8.11998
8.15704
7.96047
8.10563
8.08142
8.0247
8.04038
8.00082
7.97805
7.853
8.02277
8.14456
8.08761
7.91718
7.85794
7.93513
7.96892
7.9504
7.91698
8.22466
7.75053
8.02541
7.97337
7.8193
8.08324
7.99892
7.95091
8.02559
8.16859
7.9815
7.9776
7.90518
8.02893
7.95049
7.84232
8.02448
8.03737
8.19818
7.94234
8.02325
7.85622
7.97359
7.87434
8.08935
8.04981
7.92453
8.08139
8.07564
8.08167
7.98807
8.00467
8.06482
7.88179
7.86946
7.937
7.96892
7.96948
8.04039
8.01457
7.985
8.00377
7.9899
8.00502
7.92548
8.00329
7.92789
8.05338
7.97293
7.91868
8.08009
7.81976
8.07989
8.10326
7.98179
8.05747
7.84224
7.97269
7.83226
7.93743
8.01444
7.85072
8.04179
8.07183
7.92328
7.77657
7.89591
8.05474
7.83657
8.11359
8.12676
8.00366
8.11216
7.85481
7.84814
8.01049
8.02594
7.94836
7.92807
7.85912
7.98216
7.84361
8.00829
7.95763
8.04303
7.79924
8.04273
7.99118
8.0592
8.01912
8.02966
8.1285
7.9291
7.97252
8.11992
8.10546
7.94536
7.8908
7.96216
7.95116
7.96169
8.00696
7.9879
8.00751
7.98758
8.07597
8.03553
8.11579
7.87559
8.00711
8.10514
8.24877
8.05755
8.19725
8.0787
8.18467
8.01134
7.70753
8.00239
7.94934
8.21489
8.10024
7.99238
8.1557
7.98716
8.19236
7.8983
8.09583
8.02475
7.82149
8.05232
7.85797
8.0317
7.9786
8.05346
8.01858
8.03732
7.93051
8.12205
7.92637
8.07928
7.81665
8.14055
7.99624
7.97838
7.97902
7.87947
7.81032
7.94917
8.01749
7.82162
8.01779
8.12701
8.03537
8.01195
8.06583
7.98326
8.02054
7.96401
8.01845
8.17593
7.91621
8.05704
8.06629
7.99672
8.09613
8.15003
7.90201
7.99571
7.91877
7.89267
8.14133
7.99213
7.62947
7.98335
7.92389
8.0331
7.86717
7.81962
8.11725
7.8922
8.03073
7.9551
8.11408
8.21867
7.96982
7.94483
8.11591
7.91053
7.95825
7.87603
8.11163
8.07367
8.0179
7.82735
8.0121
8.04293
8.1064
7.87986
7.98535
8.1089
8.0613
7.9006
7.8829
7.90615
8.07672
7.93428
7.98047
7.80822
8.16388
7.90592
7.86334
7.90213
8.2369
8.10297
8.02712
8.01055
7.86034
8.07807
8.0509
8.12266
8.13712
7.80167
8.03917
7.82966
7.95604
8.0436
7.79741
7.85374
8.05591
8.04661
7.95785
8.15077
8.10825
7.94972
8.19476
7.95227
8.01751
7.91829
7.94432
8.02077
8.08762
8.06479
8.17841
7.86223
7.9696
7.90803
7.91815
8.05615
7.9972
8.06696
7.93302
8.00838
8.05251
8.00055
7.89073
7.89606
8.00138
7.89434
8.15753
8.09698
8.04118
7.9719
7.92029
8.06044
8.16363
7.96951
7.96841
8.07488
8.0332
8.12876
7.898
7.9327
8.09023
7.93234
8.05047
7.96432
8.14753
7.98562
8.02642
7.93748
8.06398
8.06587
7.98165
7.84514
8.12565
8.05813
7.93969
7.88229
8.15479
8.06176
7.97485
8.11451
7.9632
8.09217
7.81033
8.03478
8.03773
7.80596
7.91687
8.01744
8.02988
8.05401
8.13322
7.9239
7.96229
7.97335
8.16248
8.07536
7.89129
7.96097
7.94861
7.94157
8.01299
8.04987
7.85448
7.97108
7.84914
8.00236
8.07569
8.03113
8.10224
8.14911
8.12806
7.89856
8.01613
8.01312
7.88846
7.97022
8.0838
8.05246
7.97449
8.18479
7.95114
7.76111
7.92286
8.15242
7.71595
7.91938
8.16806
7.9361
7.84257
8.08325
8.13921
7.79892
7.99136
7.96865
7.89963
7.88734
7.94378
7.85917
8.02021
8.24494
8.0312
7.95734
8.03603
8.261
8.08667
8.08931
8.04631
8.1192
7.91799
8.12124
7.78746
8.14995
8.15071
7.98924
7.96834
7.97167
7.87777
7.92012
8.13697
7.98394
7.91887
8.06837
7.81329
7.92926
8.00513
8.01237
7.90264
8.11834
8.01685
7.95036
7.92195
7.9353
8.0145
7.99692
8.00635
7.86486
7.96898
8.0763
8.11449
7.90781
8.05099
8.0524
7.89979
7.71532
8.15067
7.98808
7.91173
8.08204
8.03262
8.01495
7.90441
8.01219
8.09933
8.07349
7.99782
8.15973
8.03084
7.95882
7.88721
7.97031
8.04643
8.04986
8.08121
7.91071
8.00575
7.93044
8.10213
8.07161
8.12644
7.98457
7.88091
7.96888
7.88449
7.88104
7.86408
8.11053
7.86095
7.83237
7.99398
7.91548
7.91928
8.11588
8.01622
8.09029
8.01294
8.13761
7.92996
8.06677
8.12552
7.98189
8.03737
8.0585
7.93154
7.99071
7.96511
8.04
7.8734
8.14929
8.02667
8.06475
8.03518
7.99999
8.02072
8.08319
8.10894
7.9462
7.91855
7.98053
8.07943
8.01093
8.09095
7.91278
7.9218
7.94292
7.80086
8.10143
8.0531
8.16426
8.02788
7.94756
8.14548
8.10119
8.12699
7.90479
7.89277
7.993
8.03686
8.04457
8.12936
7.85404
7.84394
8.17974
8.05338
7.83543
8.04672
8.04001
7.95609
8.05337
7.88894
7.9812
7.93366
7.84955
7.99642
8.07887
7.97046
8.03345
7.99578
7.89025
8.02358
7.91502
7.99997
7.95729
7.88859
7.94985
7.93394
7.93294
8.07834
8.08825
8.28751
7.89472
7.82236
8.01348
8.08165
8.12614
7.95904
7.94785
8.08892
8.02438
7.94394
7.95012
7.95609
8.03186
7.97408
7.97937
7.96663
8.11042
8.00512
8.01704
8.00339
8.0542
8.09385
7.86753
8.16407
7.92816
7.74178
7.94121
8.08985
7.7413
7.90611
8.20697
7.9529
8.19009
8.07066
7.8701
8.0899
7.93054
7.91954
7.98081
8.17043
7.98637
8.02312
7.97206
8.19705
8.12648
8.00241
8.13798
7.94722
8.21182
7.92927
7.91239
8.09304
8.05196
7.94228
8.11148
7.95834
8.05082
7.96184
7.94981
8.15206
7.82884
7.88052
8.05341
7.95113
7.99175
8.04621
7.93958
8.1601
8.01152
8.00244
7.88837
8.07543
7.91467
8.04357
7.92885
8.01649
8.06544
7.91643
8.05344
7.95516
7.9285
7.91226
8.03977
8.10875
8.17362
7.96742
7.91147
7.9806
7.84557
7.96148
8.07253
8.21422
7.79245
7.96188
7.95491
8.07205
8.07194
8.03949
8.01296
7.86679
7.90816
8.07817
8.06674
7.94569
7.77844
7.98119
7.9496
7.911
8.1188
8.03308
8.0391
7.86256
7.95269
7.91521
7.96446
7.98996
7.91718
8.04741
8.1809
8.06266
7.87703
7.98504
8.1951
8.16374
8.00837
8.17668
8.25207
7.92535
7.91214
8.12804
7.88442
7.96888
8.09618
7.95195
7.93221
7.99099
7.88235
8.05831
7.89881
8.14371
8.01856
7.97771
8.17054
8.0297
8.17979
8.04319
8.09679
8.10417
7.88227
7.95606
8.10884
7.89354
7.86688
7.99596
8.01638
7.84264
8.12682
7.88302
8.12109
8.0365
7.9492
7.97156
8.06465
8.06134
8.00209
7.99203
7.88831
7.88294
8.05889
8.07808
7.96121
7.92186
8.09251
8.0284
8.12047
7.95121
7.94621
8.0182
7.82823
8.09356
7.93375
7.95158
7.96286
8.01863
7.94261
7.93123
7.94483
7.89106
8.05504
8.02081
8.0616
8.11659
7.94301
7.92516
7.99848
7.95565
7.97476
8.03025
8.06329
7.94541
7.86762
8.01826
7.96868
8.05591
8.13459
7.89675
7.80967
8.09034
7.9003
7.8828
8.05169
8.01935
7.93532
8.09913
7.95802
7.98314
8.0073
7.85977
8.22274
8.08568
7.95303
7.95584
7.98349
8.06899
8.05547
7.94402
8.02736
8.12506
8.08037
8.12286
7.86843
8.00276
7.96678
7.83011
8.25205
8.04119
7.92044
8.12552
8.01415
7.98097
7.9004
7.96684
8.06202
8.16622
7.98272
7.93938
8.03556
7.90817
7.87313
8.13262
7.90791
7.99622
7.97744
7.89473
8.04592
7.84097
7.9608
7.96451
7.91636
8.02089
8.06361
7.9761
8.03811
8.1318
8.00722
8.13703
7.88584
8.15562
8.02637
7.86488
7.89507
8.0897
7.90779
7.92675
7.80919
8.00773
8.05445
8.09358
7.94171
7.95262
7.94968
8.02397
7.96557
7.95173
7.96406
8.09785
8.06296
7.90076
7.93247
7.94346
7.90383
7.94721
8.05385
8.01769
7.96962
8.14753
7.96283
7.91394
8.13827
7.91797
8.04821
8.03598
8.18265
7.90639
7.95047
8.22897
7.92404
8.08674
8.01347
7.91606
7.9215
7.95679
8.09564
8.08329
8.01799
7.959
7.9969
7.95615
7.86277
7.95894
7.96029
8.04229
7.98622
8.13329
7.8379
7.90176
8.00232
8.08853
7.62508
8.12245
8.04932
7.97259
7.81005
8.0343
8.03939
7.98858
8.09388
8.17895
7.76936
8.03053
7.94042
8.00503
8.01781
7.91134
8.11052
8.04953
7.8929
8.04329
8.08249
8.1183
8.01977
8.01098
7.98273
7.94472
7.94469
7.92381
7.91845
8.27163
8.09196
8.05854
7.83408
8.08617
7.93974
8.06717
7.91683
7.93482
8.10635
8.17865
7.85898
7.96511
7.98652
8.04175
7.96535
7.95454
8.04087
7.91867
7.90336
8.0883
7.84673
8.12326
7.90308
7.96124
8.1127
8.00649
7.97441
8.07762
8.07144
8.01379
8.03564
7.9006
8.02991
8.09884
7.77649
8.0469
7.81903
8.04433
7.87138
8.03189
8.02715
8.15194
8.14985
7.99211
7.91166
8.12134
8.06998
7.94164
7.92962
7.93629
7.77767
8.04503
7.96265
7.827
8.07592
7.99934
7.83133
7.96017
8.03603
7.82236
7.89451
8.03471
7.84517
8.1456
8.17038
7.96509
7.95445
8.01056
7.9379
7.95015
7.99731
7.92355
7.91718
8.04232
7.98313
8.02551
7.92073
7.92909
7.88088
8.06642
8.04183
8.07914
7.91202
7.93605
8.02263
8.08227
8.02945
8.08093
8.00586
8.11363
7.97939
7.99941
8.01985
7.8764
7.88891
8.09203
7.85279
7.95617
7.91016
7.98227
7.86793
7.76287
8.13131
8.0675
8.16397
7.80828
8.19841
7.87067
7.84355
7.98553
8.04136
8.00128
8.18242
7.92
8.05917
7.93648
7.96091
7.96634
7.9908
8.1754
7.92284
8.03102
7.97031
8.14755
8.03026
7.88863
8.03484
8.11415
7.99424
7.85749
7.92502
8.16506
8.01086
8.07813
8.30005
7.87365
7.88677
8.03098
7.93242
8.15877
8.10997
7.95255
7.88853
7.87566
7.87073
8.14441
8.12441
8.19805
8.18249
7.88596
7.89468
8.08128
8.04577
8.10399
7.91181
8.12259
8.00895
8.04526
8.00498
7.95616
7.99778
7.81364
7.95655
8.15422
7.99843
7.98357
8.18894
7.93351
7.78293
8.12192
7.81123
7.996
7.96068
8.08611
8.06044
8.04461
8.02806
7.84717
7.99905
8.0778
8.13002
7.9301
7.94074
8.18798
8.17278
8.04129
8.09871
8.0692
8.03574
8.04417
8.03895
7.68267
7.963
8.0009
8.06954
7.98948
7.99689
8.15274
8.00819
8.18711
7.97876
7.93267
7.88887
7.95642
8.15229
7.84781
7.97901
7.86152
8.12996
7.93413
8.02914
7.93893
7.94004
7.94812
7.94082
8.07255
7.83762
8.04682
7.93573
7.99231
8.02268
8.07181
7.99613
8.01256
8.13718
8.0713
7.98974
7.83063
7.99732
7.88404
8.16731
8.05483
8.07393
8.08784
8.12593
7.96416
8.25183
8.07051
7.90996
8.09309
7.95125
8.15792
7.88553
8.0995
8.07782
7.8792
7.99856
7.96099
7.97507
7.90181
7.79204
7.97781
7.98764
7.94422
7.87308
8.19382
7.9109
7.98373
8.26201
7.90893
7.97956
7.92843
7.8844
8.05138
8.01329
7.93635
8.00772
8.00945
7.95754
8.03513
7.93162
7.89729
8.03632
8.0084
8.02981
8.04412
7.95794
7.85905
7.98584
7.90703
8.06838
8.07008
7.92235
8.01127
8.05432
7.84024
8.06848
8.02308
8.00597
8.1605
8.0071
8.05937
7.98249
8.0816
8.16931
7.96728
8.05205
8.12518
8.18931
8.05141
8.05752
8.14726
7.95068
8.05508
7.97035
8.0612
7.95995
7.80002
8.02608
7.97074
8.06501
7.96095
7.93332
8.07243
8.07898
8.01301
8.10884
8.04276
8.14474
8.03401
8.22614
8.0452
7.98655
7.93341
7.88235
8.13851
8.23351
8.01754
7.9908
8.06082
8.00194
7.99589
8.03307
7.95804
7.85553
7.97606
8.13839
7.98009
7.84035
7.88812
8.05774
7.94627
7.829
7.94924
8.02142
7.77344
8.09745
7.95357
7.77171
8.06978
8.0415
7.83334
8.06989
7.94161
7.97476
8.1224
7.91647
8.07134
8.10272
8.02462
7.94546
8.18924
8.02756
7.87293
7.86096
7.75677
7.81602
7.91705
8.06976
7.98082
8.03926
8.16872
7.97279
8.03242
7.96411
8.04775
8.00927
8.08259
8.08883
7.93431
7.9036
7.92849
8.2367
8.0812
8.23755
7.84903
7.97098
8.15024
7.82608
8.05666
8.00554
7.93024
8.01868
8.12148
8.05675
7.96571
8.03605
8.11704
8.00182
8.10336
8.0923
7.92425
7.95164
7.89376
7.89908
8.02823
7.86946
7.94782
8.02891
8.02557
7.97288
8.06335
8.0085
7.97684
8.07735
7.95797
7.99317
7.91488
7.99979
8.04237
7.90521
8.16694
8.04304
7.94653
7.84181
8.02109
8.00017
7.92447
7.99335
7.94147
8.04083
7.8834
8.20601
8.02821
8.18359
8.03362
8.06435
7.97581
8.01637
8.00155
7.92084
8.10272
7.96095
8.04774
8.04269
7.90243
8.17198
7.96232
7.97979
7.82672
8.16897
8.16553
8.03197
7.93204
8.06007
8.04161
7.91054
8.09492
7.79535
7.98504
8.10792
7.80948
7.96403
8.12528
8.08064
7.87707
7.99576
7.92304
7.96004
8.09869
8.16668
7.84074
8.03448
7.95882
8.03904
7.88156
8.03285
8.06133
8.01685
7.97267
7.98571
8.05281
7.838
7.81411
7.99347
7.93959
8.0266
7.96167
8.0111
8.14913
8.09896
8.18932
8.17499
7.98047
7.98219
7.98838
7.86265
7.87639
7.84742
7.98309
8.11128
7.92376
8.02414
8.15591
8.04224
7.8442
8.07249
7.86581
7.87009
7.99116
8.05601
8.08777
7.89114
8.02448
8.05216
7.98844
7.89934
7.86711
8.0668
8.10835
7.91708
8.08191
8.06627
8.00224
7.95078
8.01199
8.05959
8.08696
7.76997
7.97397
8.0672
7.9563
8.05405
7.92315
8.04897
7.97059
7.97309
7.91971
8.05062
8.07401
8.0618
8.01503
7.94766
7.97018
7.82703
8.06294
7.97648
7.89993
7.97789
7.8837
7.91776
7.94723
7.90585
8.0059
7.91308
8.05415
8.07401
8.08197
7.85301
7.86914
7.87324
7.94766
7.90134
7.92
7.92234
8.00237
8.07268
8.00794
8.08883
7.94493
7.83915
8.13452
8.07193
7.91938
8.053
8.08091
8.02185
8.0842
7.99696
7.96249
8.0743
7.99968
8.06038
7.96826
7.88452
8.13114
7.87631
8.01838
7.93427
8.12104
8.04038
7.89447
8.00203
8.05697
8.03447
8.03069
7.94832
7.98263
8.17057
7.7693
7.82635
8.07289
7.8411
7.91536
8.16618
7.93371
8.03741
8.1055
7.80892
8.13646
7.9898
8.05625
7.93918
8.0606
7.99125
7.82734
8.00195
8.02389
8.00852
8.16763
8.07188
7.94094
7.87661
7.95122
8.28221
7.90723
7.90481
8.04203
8.15002
8.01352
7.99051
7.98688
7.93486
7.95135
7.95255
8.16671
8.07715
7.97727
8.00119
8.01069
7.95515
7.86058
8.04379
7.96793
7.95793
8.03618
8.06665
7.9979
7.83214
7.86733
7.97203
7.75269
7.87914
8.03694
8.05982
8.06696
7.83885
7.86933
8.06571
8.01932
8.01508
7.97644
7.9067
8.02961
7.81073
8.07343
7.9297
7.92547
8.05987
8.10705
7.92519
8.06628
8.15131
7.9973
8.08673
7.98564
8.14154
7.98446
8.08425
8.08493
7.99139
8.18942
7.7198
8.05252
7.94265
7.97394
8.11556
8.04011
8.0628
7.89354
7.91704
7.97136
8.02259
7.95319
7.93066
7.97753
7.95764
7.98006
7.89597
8.07443
8.17957
7.83001
7.8414
8.11572
7.86982
7.95219
7.94636
8.02986
7.96569
8.16772
7.9806
8.07441
8.23562
8.13065
8.17604
8.0276
7.83329
8.22408
8.09168
7.90013
8.08374
7.90151
8.05916
8.0976
7.95301
8.01601
7.85992
7.76341
7.88852
7.84657
8.02273
8.11152
8.0842
7.77812
7.98473
7.94755
7.96344
8.07659
8.13112
7.95155
7.78425
7.88666
7.88788
7.90104
7.97537
7.94925
8.12718
8.03755
8.01372
8.11222
8.06241
8.02586
7.86683
7.99226
8.04681
8.0684
8.07954
8.06056
7.89212
8.0167
7.84916
8.05042
7.94932
8.03457
7.89008
8.07332
8.15556
7.97012
8.0695
7.90503
7.97399
7.99161
8.07108
8.08493
8.00994
7.85659
7.90192
8.01526
7.96157
8.07459
8.05968
7.88692
8.08245
7.94286
7.94595
8.1376
7.92051
8.03002
8.13198
7.99162
7.99643
8.05091
8.17572
8.06127
7.98326
7.90285
8.05664
7.9814
8.04336
7.91548
7.90585
8.11315
8.08031
8.18337
7.99052
8.11353
7.98132
8.09675
8.00199
7.9388
7.93164
8.07648
7.932
7.88576
8.203
8.27905
7.93419
8.05314
8.11613
8.04324
8.03596
8.06385
8.01953
8.17563
8.10521
7.99786
8.01123
8.18662
8.05489
7.98275
8.0307
8.02821
8.17017
8.07574
8.1796
8.06187
7.96524
7.99829
7.96149
7.96402
7.84823
7.94511
8.06857
7.99918
8.12703
8.03088
7.90395
8.0103
8.17204
7.99337
8.20562
8.12496
7.95442
7.87125
8.03323
8.04468
8.03912
8.22041
7.93
8.1444
8.10948
8.01459
7.88087
8.02881
8.1447
8.0768
8.06437
7.91037
7.92656
8.08579
8.08973
7.84163
8.02381
7.94344
8.06923
8.03688
8.05778
7.993
7.90946
7.93268
8.03258
7.97656
7.86301
8.17061
8.01623
7.97095
7.94589
8.0089
8.0574
7.79512
8.01955
8.03863
8.02319
7.99354
8.1484
8.13394
7.94295
7.93763
8.03832
7.94982
7.92502
7.92163
7.86924
8.06352
8.06734
7.74008
8.10709
8.06077
8.02568
8.10428
7.8419
7.90682
7.87659
7.99698
7.99867
8.0579
8.03805
7.93306
7.95246
7.97766
8.08517
8.00854
8.08677
7.86013
7.90747
8.18855
8.03407
7.97562
7.94303
8.13292
8.06734
7.89825
8.09969
8.09363
8.13234
8.14367
7.93631
7.80343
7.85912
7.82868
7.92754
8.11083
7.99248
8.08011
7.98659
8.03603
8.08975
7.94973
7.7987
7.87203
7.98162
7.66982
7.96793
8.0456
7.88273
7.95364
8.07432
7.89602
8.01225
8.1458
8.05034
7.92538
8.11129
8.04503
7.92052
8.05932
7.99699
7.84532
8.05959
8.00519
7.91771
8.00184
8.02436
7.98079
8.04261
8.05851
7.91439
7.95381
8.05841
7.94884
7.95559
8.05478
8.06327
8.05109
7.85232
8.08525
8.01545
7.97775
7.92261
8.23893
8.05699
8.12703
7.95468
8.01157
8.13987
8.05389
7.95195
7.96905
7.96212
7.74061
8.03026
8.11197
7.91157
7.92851
8.03779
8.12379
7.99728
8.11844
7.97836
8.06527
8.03953
8.00688
7.98071
7.95781
7.93048
7.92742
8.14462
7.93584
8.08719
7.8692
7.90363
7.98155
7.93519
8.03488
8.09542
7.97945
7.98838
8.06188
8.06796
7.98723
7.98001
7.91052
8.05639
7.93139
7.94901
8.01685
8.03835
8.05071
8.12825
8.10247
8.01381
8.03448
8.02106
7.95647
7.96433
8.10383
7.9119
8.03695
8.02763
7.92517
8.10855
8.0828
8.08388
7.98094
8.02478
8.08435
8.07205
7.98959
7.88756
7.98799
8.06148
8.02564
8.05654
8.09242
8.04233
7.92008
8.05609
8.08077
7.9181
8.00753
8.08336
7.74795
7.94896
8.08719
8.07116
7.92394
8.10376
7.82774
8.03588
7.91635
7.82199
7.82926
7.91519
8.01344
8.04688
7.99635
8.1469
7.87738
8.01074
7.79906
7.89866
8.16447
8.10186
7.8346
7.9012
7.94427
8.06572
7.8662
7.95812
7.97651
8.03965
8.00899
8.22171
7.84761
7.92033
8.08919
8.01607
8.15186
8.25954
7.99757
7.96376
8.01792
8.01985
7.84059
7.94788
8.01802
7.92924
7.9382
8.10746
7.99288
8.07458
8.04303
7.7074
7.86049
7.92912
8.07563
8.05708
7.97033
8.02017
8.02787
7.84612
7.89862
8.01005
8.02904
7.96365
7.95964
8.25154
7.94768
7.82381
8.07561
7.95884
8.01569
7.97849
8.10615
8.05701
8.07247
7.97659
8.02844
8.19014
8.17102
7.91409
8.07353
8.01051
7.975
8.00305
8.11392
7.9769
8.01324
8.07817
8.09425
7.90663
8.1058
7.7096
7.92232
8.01604
7.96667
8.04719
7.9919
8.17858
8.03312
7.91185
8.03287
7.85313
8.1092
8.152
8.20676
7.79092
7.93651
8.02182
8.0201
7.98616
8.21779
8.11863
8.11503
7.92032
7.94685
7.92297
7.99968
8.03612
7.92975
7.8873
8.10973
8.06085
7.98457
8.04444
8.22983
7.98359
7.96356
8.13306
8.11115
8.02756
8.02295
7.96622
7.87269
7.88813
8.11337
8.03855
8.08079
7.87949
7.90341
8.07499
8.14288
8.07876
7.95119
8.03607
8.12476
8.23813
7.89896
8.03325
7.92831
8.04275
8.09908
7.86289
8.06612
7.89108
7.95484
8.12619
7.81045
7.92831
7.92638
8.0083
8.05743
7.99609
7.88167
8.05221
8.08824
7.74949
8.03279
8.10868
8.05462
7.93583
7.98547
7.83554
7.99067
7.83228
8.10166
8.00414
7.82923
7.84925
7.80086
8.05604
8.06651
7.90809
7.77394
7.98612
8.06236
8.07736
8.29885
7.96335
7.99686
8.03705
8.1304
8.00564
7.87466
8.04963
7.90418
8.12838
7.93326
8.00346
7.9374
7.86803
8.03792
7.97335
8.01068
7.92488
7.87325
8.00776
7.94987
7.87009
7.92314
7.80208
7.91096
7.98279
7.98481
7.87028
8.01292
7.99205
7.93134
7.91595
7.77403
7.97321
8.00308
7.95078
8.18568
8.03155
8.04798
8.09401
7.98008
8.15333
7.69759
7.89664
8.01414
7.98429
8.16796
7.84734
8.1083
8.01005
7.79372
7.87431
7.8546
8.0504
7.91859
8.06305
7.95494
8.01129
7.89672
8.16535
7.92851
7.95498
8.08576
8.12461
7.87638
7.93035
7.74125
7.8316
8.01385
7.85268
8.11645
7.91815
8.02453
8.06767
7.94539
7.87699
7.92693
8.03702
8.02631
8.18688
7.99769
8.07918
8.00165
7.98981
8.06532
8.02442
8.2422
8.06054
7.94074
7.95968
8.08888
7.85405
8.10771
8.1033
7.91526
7.99575
8.11799
8.16095
8.076
8.17207
8.01239
8.05933
7.99801
8.06198
7.95799
8.02479
7.90778
8.01056
7.95362
7.94443
8.19353
7.97391
8.09964
8.09728
8.00097
8.05062
7.93876
8.07761
8.05529
7.7956
7.98115
7.90722
7.9991
8.13329
8.04733
7.97032
7.94423
7.9253
7.95668
8.041
7.72055
8.02531
7.89024
8.00443
8.03372
7.85039
7.97222
7.87009
8.02606
8.10963
7.97272
7.8161
8.04002
8.08421
8.00051
7.96572
7.89791
8.03872
8.02257
8.04467
7.88013
8.22318
7.99461
7.90792
8.02265
8.07253
8.01247
8.07699
7.9773
7.93693
7.9959
7.91758
7.95172
8.07113
8.103
7.99198
7.96913
8.0892
7.96743
8.00648
8.14413
7.86366
7.96554
7.78305
7.75079
7.94302
7.89086
8.15135
7.8109
8.07834
7.95864
7.99793
8.05537
7.82275
8.03611
8.07616
7.86275
7.88559
8.0508
8.22183
7.98847
7.8703
8.15377
7.97645
8.05429
7.91733
8.072
7.95632
8.0828
7.98168
8.05913
7.99331
8.11057
7.82656
7.92139
7.87412
8.07168
7.95217
7.91593
7.98425
8.1327
7.97722
8.14042
7.9756
8.12811
8.00605
8.04658
7.98528
8.05391
7.98552
8.11342
7.99061
8.13763
8.106
8.05108
7.85871
7.87093
8.08627
8.02019
8.02243
7.86322
8.03423
7.9565
7.99395
7.98022
7.97012
8.0101
7.90846
8.17462
7.9352
7.91871
7.9796
7.99166
8.09985
7.92328
7.93589
7.93508
8.09582
8.28868
8.05753
8.11138
7.94531
8.07553
8.13873
8.11862
8.0698
7.90129
8.02504
8.14198
7.86453
8.05946
8.04102
8.10054
8.04525
7.95625
7.87675
8.07009
8.15839
7.91409
8.11259
7.99077
8.00358
7.93968
7.9743
7.91102
8.11248
7.83131
8.05364
8.06426
8.00401
8.14195
7.79638
7.97278
8.08137
8.04052
8.08073
8.00665
7.82748
8.02266
7.99021
8.13379
7.79393
8.04324
8.05019
7.95912
8.07355
7.93777
8.00123
7.91609
8.01991
8.08985
7.92075
8.14708
7.99983
7.79466
8.12588
7.97556
8.12649
8.01689
8.00896
7.98099
7.87576
7.77574
7.92071
7.91228
7.75267
8.15439
8.03558
8.10101
7.98222
8.04345
7.89234
7.98912
8.04919
8.03701
7.85923
7.9337
8.08047
8.0098
7.76688
7.99264
7.87858
7.96949
7.90559
8.10716
7.97749
8.15441
8.04487
8.18797
8.04659
7.96349
7.87933
8.02316
7.87731
7.98557
8.04535
8.16661
7.8857
8.16063
8.09057
8.13906
8.107
8.03823
7.87293
8.06148
7.97033
7.72438
7.84598
8.18852
7.96128
7.84246
8.10429
8.02848
8.00758
7.78803
7.93662
8.07639
7.84438
7.98549
8.00215
8.04983
8.04537
8.11962
8.01414
8.01613
7.99712
7.98724
7.94996
7.96031
8.04743
7.90403
7.96591
8.09476
8.07989
7.92791
8.04668
7.92164
7.9154
8.05036
7.82371
8.00399
7.95721
7.91817
7.98949
8.11144
8.06689
8.12737
7.93133
8.08261
8.0201
8.12217
7.95486
8.08541
7.89401
7.67639
7.83617
7.94831
7.95003
8.05379
8.04592
8.12762
8.02136
7.93132
7.96896
8.10008
7.96923
8.02757
8.01316
7.97793
8.07185
7.89885
7.935
7.97301
7.89038
7.92402
8.00834
7.94225
7.96655
7.91012
8.09515
7.82251
8.03091
8.08899
8.04559
8.01652
7.87526
7.82257
7.96763
7.88544
7.82925
8.03127
8.12529
8.09275
7.95662
7.8692
8.06857
8.01198
7.93028
7.98939
7.83847
7.99763
8.01933
7.96809
8.02468
8.1938
8.0684
7.89967
8.12032
8.04752
7.89708
7.93522
7.93033
7.91905
7.92058
8.09866
8.0595
7.90214
8.07552
8.01722
8.20541
8.1259
8.04377
7.99845
8.10048
7.97398
8.15012
7.99557
7.96222
7.85415
7.89773
7.98652
8.04781
7.96778
7.97877
8.18872
8.0394
8.08327
7.90266
8.11086
8.07103
8.12011
7.85145
7.87646
7.96389
7.91273
8.02909
8.09615
8.00251
8.05333
7.94737
7.94761
7.92736
7.9901
8.13357
8.10462
7.83201
7.97552
7.94072
8.02043
7.92645
7.89668
8.079
7.82488
8.12226
7.9962
7.92493
7.90551
8.04313
8.07165
8.04992
7.86522
8.0441
7.98762
7.96586
7.95038
8.12188
8.01986
7.81897
8.00901
7.95273
8.04941
7.86281
8.01824
7.87986
7.7897
7.88886
8.02387
8.13313
8.03064
7.91365
8.06807
7.72291
7.96899
8.08754
7.74945
7.87949
8.03717
8.2112
8.14886
8.25459
8.10577
7.92513
7.78036
7.99869
8.09239
7.97974
8.03499
7.92717
8.0401
8.15288
7.87298
8.07739
7.9956
8.13456
7.89216
8.04383
8.01423
8.09492
8.05612
7.95972
7.95985
7.89399
8.02481
8.05068
7.98964
8.01791
7.91109
7.93233
8.05351
8.01838
8.225
7.94979
8.04665
7.93017
8.08215
8.09322
8.08333
7.92058
8.03416
8.00963
8.00224
8.07598
8.04243
7.95265
7.93824
8.02563
8.15228
7.91763
8.01197
8.05125
7.99481
8.09872
7.94121
7.99511
7.9999
7.84666
7.95938
8.09616
7.85355
8.00531
7.9567
8.12119
7.92275
8.00162
7.87018
8.06562
8.02276
8.09257
8.13601
7.97498
8.04793
7.87587
7.97878
7.97188
7.93215
8.00423
8.02953
7.89887
7.85915
8.20451
7.99243
7.94573
7.96517
7.87014
8.10937
7.99038
7.98511
7.96651
7.9981
8.06235
8.10196
7.99514
8.11761
8.06562
8.10312
7.89089
7.91408
7.89384
8.02439
7.89359
7.94606
7.87425
8.13215
7.89915
8.06484
8.00288
8.01932
7.9973
8.12531
7.95966
8.07568
7.84379
7.91256
7.9424
8.10672
7.89206
7.84674
7.87865
8.02156
7.90297
8.18987
7.83092
7.75512
7.87783
8.00504
8.08318
8.13315
8.11352
8.03467
7.92231
7.98845
8.10018
7.90218
7.90367
8.28902
8.02791
7.96795
8.00529
8.08881
8.14766
7.9594
8.04278
8.11926
7.97649
7.95881
8.18745
7.90231
8.01574
8.05953
7.95924
8.02019
8.03956
7.96452
7.99952
8.15109
8.09024
8.04872
8.0644
8.13631
7.81772
8.00162
7.9643
8.05512
8.04382
8.03802
7.90397
8.04061
8.08029
8.0758
7.95006
7.95988
8.06336
7.96756
7.77073
8.0257
7.90703
7.95099
8.01012
8.06719
8.06592
8.03631
8.11893
7.83617
8.04331
7.75247
7.93982
8.02114
8.01715
7.81606
7.99035
7.92886
7.96119
7.95966
7.9453
8.00076
7.98823
7.9504
8.09096
8.01236
8.01185
8.03382
8.0021
8.04475
8.15642
7.88826
7.92047
7.94595
8.00725
8.05362
8.06431
7.92341
8.22995
7.94126
8.13341
7.84697
8.10021
7.89188
8.00394
7.96993
7.88424
8.04457
7.79405
8.15079
8.00874
7.84625
7.9226
7.95944
7.96321
7.88179
7.99749
8.10941
7.86448
8.22325
7.94787
8.13228
7.9286
7.93037
7.87833
7.99928
8.11531
7.77589
8.14694
8.14472
8.04316
8.14787
7.7838
8.05485
8.06784
7.78576
7.66513
7.96884
7.99222
8.00561
7.91194
8.06137
7.99874
7.96414
8.07922
8.03698
8.04744
7.85275
8.01069
8.23237
8.08587
7.97875
8.06336
8.07781
7.93223
7.91105
7.94888
8.04813
7.90114
8.05089
7.90507
8.0253
8.08422
7.81086
7.88092
8.16042
7.88959
7.98383
8.01179
7.93986
7.99662
7.96793
8.02845
7.9535
8.14679
7.94489
8.03814
7.99557
8.0708
7.95852
8.01605
8.0745
7.84693
7.99078
7.94005
8.03446
8.05274
8.19251
8.1208
8.08622
8.13568
8.0476
7.9078
8.03316
8.08927
7.96446
7.88564
7.88478
8.17861
8.10009
8.0306
8.07169
8.00733
7.9202
7.92037
8.0176
7.89908
8.02809
8.03237
8.19093
7.95522
7.88476
7.79164
7.83101
8.20035
8.05221
8.00251
8.02331
8.10147
7.96009
7.99927
8.15401
8.14655
8.05929
7.97176
7.94613
7.95847
7.95041
7.96638
7.82497
8.08192
8.00074
8.05571
7.85516
8.0206
7.97591
8.06006
7.9861
7.90706
8.16385
8.05849
8.01366
8.03831
7.76446
7.89578
7.83653
8.04985
7.9426
8.05992
7.88376
8.01529
7.9617
8.04517
7.8818
7.81939
8.01567
7.98336
8.02049
7.84822
7.80698
8.02141
7.86992
7.98776
8.15233
8.08308
8.07143
8.05165
7.96759
8.03942
7.75176
7.97853
7.90322
7.93363
8.20597
7.7837
8.13354
8.02618
7.94005
8.04789
8.17266
8.0496
7.95767
8.1762
8.08424
8.02811
8.08946
8.14832
8.08111
7.87311
8.20327
7.9027
8.11835
7.83836
7.93768
8.03148
7.78472
8.08382
8.05815
7.82923
8.12855
8.048
7.93408
7.78407
8.03027
7.87536
8.00376
7.98276
7.99192
7.85246
8.05683
7.93035
7.8873
8.00314
8.02751
8.05784
8.09692
8.1564
8.11451
7.84218
7.96037
7.71032
7.94978
8.03009
7.97787
7.98093
7.94092
8.26522
8.03398
7.96958
8.01913
7.96831
8.05628
7.93617
7.89976
7.86055
7.87311
7.93472
8.01972
7.86394
7.86219
8.01311
7.89656
7.93552
7.96177
7.92477
8.00226
7.83963
8.12794
8.12303
7.94317
8.01011
8.03696
7.92539
7.90753
7.92227
7.86094
8.08544
8.04144
8.07396
8.01216
7.7894
7.91205
7.93683
8.16478
8.02772
7.93658
7.90642
8.10127
8.04571
7.89377
7.94109
8.06528
8.02356
7.94911
8.09065
8.09719
8.05504
8.14076
7.92797
8.07866
7.87527
7.95491
7.99158
7.97102
8.1434
8.02294
8.03329
7.94828
7.99631
7.98886
7.91373
8.00197
7.91527
7.99822
7.89
8.26896
8.07804
8.0113
7.87243
7.9073
8.07116
8.03355
8.01975
8.01522
7.9981
8.05083
8.02556
8.102
8.08238
7.92818
7.79151
7.94796
7.76655
7.82194
8.09089
8.10924
7.8624
8.0674
8.00874
7.94844
8.03363
8.0599
8.09683
7.90431
8.00521
8.12196
8.12657
8.16365
7.90883
8.00195
8.13718
8.08163
7.95148
7.8983
8.14585
7.9883
8.01308
8.18638
7.99716
8.03899
7.9329
8.01693
8.01683
8.11653
8.08157
8.14794
7.90262
7.90961
8.10057
7.98566
8.03321
8.10029
8.04915
7.78148
7.9455
7.8706
7.99571
8.04637
8.1806
7.91271
8.14244
7.93966
8.05503
7.92343
8.01667
8.18141
8.03551
7.93126
7.99573
8.00412
8.16666
8.09045
7.97712
8.10432
8.29829
8.17684
7.99765
7.99295
7.95355
8.01481
7.94538
7.93746
8.1052
8.03896
8.00938
8.06057
8.11783
7.97498
7.96522
8.07788
8.05717
8.11577
7.92906
7.96644
8.01674
8.00369
8.06341
8.16162
7.98401
8.11383
7.91211
8.0652
8.01185
7.77365
7.96886
8.02064
7.98408
8.02385
8.20489
8.09957
7.92042
8.04883
7.8405
8.05821
7.99164
8.10404
8.0561
8.14438
8.01025
7.86978
7.95347
7.9706
7.85878
7.93282
7.99283
7.97361
8.17825
7.83531
8.0488
7.96797
7.99911
7.96323
7.93391
7.95888
7.88226
7.91421
7.7424
8.03457
8.12276
8.02526
8.10907
8.0923
8.18006
7.95735
7.92499
7.95287
8.00423
8.07702
7.97194
8.10776
8.01014
7.97291
8.11376
8.07232
7.89386
8.11945
8.01251
7.82502
7.97718
7.94821
8.00677
8.18382
7.65185
7.88541
8.10488
8.08012
7.90927
8.12096
7.91723
8.14986
7.87227
7.98425
7.89673
7.95207
8.07653
8.03407
7.85486
8.0931
7.8973
8.04745
7.85955
8.025
8.04088
8.12704
8.11852
8.02726
8.13953
7.94797
7.94843
8.10014
8.04511
8.02909
8.00478
8.02923
7.99535
8.0525
7.8995
8.18455
7.9743
7.94329
7.92524
8.10503
7.94687
8.22286
8.12516
7.99214
8.19705
8.03914
8.20046
8.15302
8.22152
8.21474
8.12889
8.09073
7.98982
8.0806
7.84033
7.92055
8.0795
8.08452
8.12468
8.03014
7.93985
8.00478
8.0124
8.14049
8.05332
8.16767
7.98689
8.00708
7.96686
8.0206
8.15886
8.02988
7.99888
8.05407
8.15891
8.14557
7.99575
8.0154
7.86788
8.15111
8.00855
7.88817
7.91997
8.14809
8.02314
7.96493
8.16279
7.87054
7.91963
8.22688
7.8865
8.00925
7.89794
7.80931
8.0924
7.99107
7.95655
8.00447
7.97948
7.77169
7.93351
7.90524
8.0309
8.048
8.05267
7.954
7.99888
8.04712
8.01691
7.92173
8.12861
7.93823
8.14229
7.89779
7.96207
7.94758
7.92134
8.09747
7.96432
8.0722
8.10188
7.77625
8.09275
8.1359
8.23909
7.9401
7.75707
8.07588
7.99928
8.01991
7.97546
8.161
7.86747
8.0259
8.22985
8.06541
7.9033
7.98691
7.88666
7.93583
8.00103
8.09433
7.96704
7.95632
8.06076
8.03966
8.01982
8.24069
7.91673
7.95354
7.9399
8.08337
8.18946
7.83458
8.02536
7.9967
8.0379
8.21985
7.81187
8.08174
8.04033
8.07657
8.0201
7.94761
8.26266
8.10029
8.08092
7.87775
7.86257
7.92305
7.92141
7.99172
7.9149
8.06469
7.91479
8.18698
7.9202
7.79585
8.06696
7.94866
7.91871
8.18719
8.20581
8.02802
8.09376
8.02942
7.95693
8.0395
7.96418
7.88612
8.01058
7.78693
8.01611
8.03758
7.84763
8.04012
8.11143
8.05818
7.86686
8.2616
8.09701
7.92606
8.19603
8.0266
8.08258
7.9551
8.02555
7.88179
7.92218
7.95536
7.93046
7.96871
8.23863
8.19581
8.11034
7.86946
7.93652
8.20427
7.77836
8.11808
8.08579
8.09068
7.8915
8.07896
7.72936
7.9975
8.06126
7.89969
8.02065
8.19027
8.01539
8.16795
8.00662
7.82445
7.95258
7.80746
8.05347
7.9175
8.04997
7.79482
8.03146
7.94666
7.93903
7.86637
7.67908
7.93101
7.98907
7.95228
8.13466
7.90103
7.97475
7.91712
8.01558
7.89353
7.97039
8.01108
7.78199
7.9447
7.8857
7.97179
7.94113
8.08892
8.10418
8.07979
8.0401
8.02471
7.91001
8.04212
8.10023
8.07763
7.90764
8.00321
8.05862
8.10301
7.93815
8.00961
8.03494
8.00903
8.0831
8.07333
8.00394
8.04199
7.90862
8.10365
8.04931
8.04608
7.96357
7.81704
7.97393
7.93725
8.04395
8.12931
8.0228
8.07058
8.14862
7.95225
8.00516
8.03724
7.92151
8.00562
7.98517
8.05125
8.14673
7.9155
7.99582
8.11998
8.01221
8.02972
7.93936
7.8395
7.93301
8.03611
8.04157
8.19997
7.93502
8.04489
7.83845
7.93958
7.9636
7.87015
7.90973
8.00215
8.0062
8.04043
7.98199
8.07422
8.04582
7.92179
8.12256
7.99241
7.7972
7.99382
7.84569
7.95865
7.97605
7.95037
7.9146
8.11103
7.92141
7.90873
7.97142
7.96074
8.02294
7.95333
7.9671
8.16315
8.11456
8.00455
7.85354
8.02524
8.02131
7.92636
7.83186
7.93054
7.89046
7.91438
7.75621
7.90177
8.15726
8.01057
8.07488
8.15508
7.84846
7.91925
7.9956
7.99696
8.05399
8.01763
8.01933
7.8684
8.03061
8.11459
8.0272
8.19433
7.96526
7.97458
7.99041
7.85053
8.07095
8.16562
7.93466
8.03776
8.16639
7.88433
7.92669
7.96933
8.0031
7.87931
7.83816
8.10075
7.8966
8.02223
8.05356
7.87082
8.0233
8.01529
7.96248
7.94008
7.81475
8.08192
7.9444
7.72575
7.88276
7.9382
7.8874
7.978
8.03482
7.86741
7.94965
7.93743
7.95529
7.97279
7.85347
7.89257
8.08958
8.15495
8.15795
7.97832
8.2391
8.03247
7.91253
8.05785
7.90937
8.10881
7.94172
8.10151
8.05019
7.92501
7.97333
7.9691
7.95433
7.949
7.89328
8.01879
8.05308
7.92637
7.89444
8.09187
7.89654
8.03334
8.06257
7.87468
7.89052
8.11315
7.86533
8.01414
7.92918
7.84711
7.9739
8.01347
8.07659
7.87968
8.14423
7.97475
7.92859
8.03478
8.1509
7.76911
8.06931
8.14013
7.94637
8.02481
7.97269
8.10058
7.97251
8.00383
8.09317
7.90576
7.94131
7.88399
8.12851
8.007
8.10757
7.97992
7.95888
7.87008
8.00591
8.00519
7.95291
8.02354
7.82382
7.74933
8.02894
7.9168
8.32079
8.0143
8.00692
7.86495
8.01135
8.11923
7.85993
7.94574
7.91302
7.68411
7.81445
8.00791
8.04812
8.0824
8.04679
8.20871
8.14833
8.02423
8.03375
7.91119
8.09336
8.07294
7.91294
8.02707
8.00146
8.02046
7.98735
8.12509
8.23761
8.02985
8.03876
8.0539
7.91938
8.02449
8.02633
7.88337
8.08323
7.84735
7.97403
7.96454
8.12054
8.08614
8.04885
8.05311
7.87375
7.95437
8.09868
8.05463
8.14062
7.98741
7.93988
7.81838
8.0895
7.98873
8.06511
8.09769
8.09367
8.11362
8.07674
7.80984
8.10344
7.8907
7.85644
7.97832
8.03351
8.01394
8.1668
7.97475
7.91332
8.179
7.91107
7.9477
8.07986
7.80165
8.1294
8.10752
7.89037
8.06306
7.96222
7.88119
8.06177
7.95726
7.88187
8.06463
7.89616
7.99931
8.00707
7.9603
7.95998
8.08599
