5.99427
0.00100697
0.00851153
0.0101295
0.00647688
0.0125595
0.0107723
0.0174972
0.00852316
0.00896005
0.00444732
0.00871947
0.00847261
0.0118438
0.00470414
0.00206712
0.00418823
0.00535166
0.00198442
0.0120402
0.00553471
0.0148207
0.00494286
0.0149129
0.0174948
0.0130146
0.00486225
0.0134449
0.0110566
0.00882797
0.00624714
0.015539
0.0102456
0.0028662
0.00714688
0.0142429
0.017927
0.00237645
0.00283685
0.00951138
0.012651
0.00596423
0.00618481
0.00936001
0.00963203
0.00898574
0.00785427
0.00955714
0.00127517
0.0089829
0.010718
0.0136579
0.0145685
0.00743954
0.00782647
0.0189048
0.00363492
0.00754022
0.00846286
0.00617816
0.00966589
0.00740935
0.0065732
0.00572557
0.00490775
0.00609454
0.00625011
0.0108921
0.0105759
0.00422477
0.00774835
0.00890384
0.00760144
0.00427305
0.00734554
0.00376762
0.00359736
0.0132364
0.00396347
0.00632798
0.00567367
0.00933469
0.00984546
0.0260044
0.0107904
0.00702817
0.0115028
0.000645479
0.0103929
0.00848926
0.00510868
0.00882754
0.00725554
0.0102466
0.0112736
0.00555041
0.00534275
0.0183736
0.00354658
0.00954599
0.0113017
0.00617646
0.00823691
0.0138939
0.0173438
0.00820533
0.00488196
0.0153497
0.00503054
0.00849871
0.00862743
0.00653622
0.0180529
0.0086557
0.00590284
0.0159568
0.00226469
0.0154972
0.00625734
0.00345224
0.00652171
0.0064926
0.00834731
0.00533707
0.00977796
0.0118
0.00689994
0.00476243
0.00711508
0.00766719
0.00178143
0.00614948
0.0108337
0.00651021
0.00431658
0.0102311
0.0102304
0.0031423
0.00922598
0.00826332
0.00235237
0.00762857
0.00641285
0.0157713
0.00641859
0.00793474
0.00777956
0.00971208
0.00962338
0.00245082
0.0100658
0.00721702
0.0119758
0.00393138
0.00737429
0.00511837
0.00227126
0.00299104
0.00933968
0.00565981
0.010837
0.00305812
0.00135962
0.0034776
0.0110532
0.0119824
0.00589252
0.0153387
0.005717
0.00435017
0.00405266
0.00969382
0.00870347
0.00237263
0.00657575
0.0173609
0.0148488
0.00679851
0.0139192
0.00722213
0.00566219
0.0165022
0.00445017
0.0041716
0.0102985
0.00486103
0.00358438
0.00869046
0.00983021
0.00221963
0.00590779
0.00396663
0.00630675
0.00775786
0.00515159
0.00631529
0.00869715
0.00972021
0.00737912
0.00911902
0.00795397
0.00290726
0.00566504
0.0130635
0.00677426
0.00466926
0.0157236
0.00504621
0.0160284
0.0179491
0.00519785
0.00390153
0.00357196
0.0148646
0.00559677
0.00927752
0.00167668
0.00944952
0.0124463
0.0149352
0.0123594
0.00912899
0.00669347
0.000864652
0.00825338
0.00775955
0.00958834
0.0113666
0.00231683
0.0072341
0.00762485
0.00872049
0.0124928
0.0174943
0.0105728
0.00588929
0.00484508
0.00710072
0.00744086
0.00653708
0.00247813
0.0151602
0.00453486
0.00353018
0.00324694
0.0171681
0.00503279
0.0088432
0.00549993
0.0109168
0.00746744
0.00512783
0.00495758
0.00998427
0.0130971
0.00719221
0.0104084
0.012651
0.00987637
0.0196516
0.000330342
0.014492
0.0054233
0.00788053
0.0138496
0.0103154
0.00334068
0.0129592
0.0163539
0.0172881
0.00942559
0.0127755
0.00748863
0.00756959
0.00658587
0.012409
0.00374676
0.00393367
0.0138198
0.00999992
0.00598275
0.00760356
0.0049881
0.00445797
0.00824962
0.00849178
0.00536441
0.00453297
0.001773
0.006199
0.0130471
0.00905301
0.0144477
0.0034589
0.003619
0.00796654
0.00419123
0.0132705
0.012706
0.0129068
0.0153035
0.0110997
0.005389
0.0045714
0.00353693
0.00784863
0.00284778
0.00736934
0.0113437
0.00512125
0.00627896
0.0179602
0.0199593
0.00376433
0.0183606
0.00304586
0.00898422
0.00905914
0.0131639
0.0081712
0.0052004
0.00741702
0.0101024
0.0135472
0.00363074
0.00273402
0.00393526
0.00905279
0.0137333
0.00747329
0.0110454
0.0100657
0.00957929
0.00771078
0.0115118
0.0054047
0.0103323
0.0126688
0.00171705
0.00377177
0.0147897
0.00293567
0.0109545
0.00438803
0.0167773
0.0147876
0.00911999
0.00814195
0.0119404
0.00605169
0.00698405
0.0202909
0.0193198
0.00631971
0.00537124
0.015026
0.00695122
0.00882813
0.0132313
0.0050451
0.00640055
0.00910282
0.00746355
0.00636016
0.00771841
0.00649556
0.0157784
0.0200304
0.0070755
0.00294758
0.0101861
0.00539344
0.0138453
0.0155349
0.00884122
0.0124584
0.00910211
0.00266459
0.0148113
0.00816778
0.00643746
0.00592176
0.00711284
0.00106377
0.00395952
0.0165554
0.00523002
0.011616
0.0152302
0.00480294
0.0152701
0.00798525
0.00538002
0.0133028
0.00327697
0.00498926
0.00542094
0.0102176
0.0120998
0.00363395
0.0221833
0.00453699
0.0067366
0.00406206
0.00214798
0.00433217
0.00740152
0.00630108
0.000336152
0.0238545
0.00821529
0.0046124
0.00949613
0.0204782
0.0192333
0.00699719
0.00248259
0.00840671
0.0108945
0.00350626
0.00618943
0.0148849
0.0115327
0.00368729
0.0100062
0.00368028
0.004216
0.00758447
0.00986444
0.0033214
0.00453072
0.00830669
0.00262463
0.00717817
0.00782364
0.00820745
0.00909388
0.00541124
0.00813009
0.00459002
0.00696334
0.00594892
0.0117693
0.0164006
0.00533294
0.00664856
0.00879928
0.0101477
0.00207254
0.00430598
0.00994898
0.00405729
0.00437772
0.00447511
0.0059706
0.00562063
0.00542084
0.00447533
0.00265721
0.00916156
0.0107261
0.011466
0.0182543
0.00931081
0.00238606
0.0136479
0.0080784
0.0164375
0.0013517
0.00219663
0.00195272
0.00862871
0.0136679
0.0131606
0.00703007
0.00704942
0.0171909
0.010834
0.00524595
0.00778863
0.0100391
0.00574323
0.000669762
0.0120801
0.0142624
0.0149222
0.0101538
0.0152228
0.01663
0.00760727
0.0156722
0.0118993
0.00391766
0.00190082
0.0117399
0.00526887
0.00419127
0.00350721
0.0129568
0.00580574
0.00907879
0.000782741
0.0142941
0.0138761
0.0138028
0.00889242
0.0129715
0.00864625
0.00705493
0.0178295
0.00955316
0.00442133
0.00649125
0.011491
0.00342544
0.0072266
0.00259946
0.0156691
0.00348807
0.0158951
0.00077125
0.00602756
0.0158055
0.00590457
0.00827879
0.00402871
0.0133441
0.00230147
0.0079941
0.00957859
0.0030676
0.0100338
0.00537305
0.00719204
0.0106741
0.0065309
0.00254602
0.00983795
0.00171768
0.00529868
0.00833124
0.012543
0.00631744
0.0052645
0.00495913
0.00624454
0.00531983
0.00528189
0.0126554
0.00512218
0.007839
0.00540223
0.00477558
0.00390108
0.00333633
0.0142539
0.0127428
0.0134107
0.0110421
0.00865444
0.0156929
0.0081029
0.0069622
0.0112702
0.00229469
0.00783372
0.00695112
0.00608233
0.0164562
0.00769714
0.00278192
0.0167237
0.00619442
0.0037651
0.003002
0.00413573
0.00685081
0.0113043
0.00445409
0.00523169
0.00606091
0.0125175
0.0124699
0.0133928
0.012679
0.00955177
0.00674139
0.00508289
0.00729914
0.00447628
0.0143334
0.0171296
0.00460568
0.0164997
0.000809752
0.0173504
0.00602783
0.0078634
0.0022111
0.00320208
0.00318056
0.0102789
0.0012972
0.00713974
0.00806172
0.00312123
0.00591684
0.00750242
0.00452674
0.00468521
0.0159189
0.00303722
0.00804058
0.00818589
0.0145776
0.00258971
0.0027528
0.0157676
0.00611584
0.0104354
0.00312507
0.00980873
0.00644335
0.0237868
0.00600029
0.00454489
0.00832737
0.00448934
0.00689736
0.00787591
0.013022
0.012896
0.00998088
0.00679906
0.00404972
0.00737857
0.0127889
0.00620498
0.00396113
0.00517117
0.00850092
0.00278173
0.00776775
0.00347494
0.014545
0.0125932
0.00320568
0.0133819
0.010114
0.00471892
0.002047
0.00833917
0.00878451
0.00899676
0.00394436
0.00684913
0.00931418
0.00379304
0.00222706
0.00480539
0.00406285
0.0162171
0.00710337
0.00339933
0.00322233
0.00794887
0.00572375
0.00585864
0.0103044
0.0124963
0.0026648
0.00511683
0.0104604
0.00408583
0.00862799
0.00906729
0.00131357
0.00575531
0.00546601
0.00989877
0.00623837
0.0169358
0.0146443
0.0102301
0.00708941
0.0105491
0.0100629
0.00387855
0.0145271
0.00473206
0.00501803
0.00935054
0.0138921
0.0179911
0.0170644
0.0100025
0.0117021
0.00582338
0.00846924
0.0065629
0.0029648
0.00303993
0.0115916
0.00425448
0.0100404
0.00820971
0.00269477
0.0119994
0.002947
0.00526034
0.0100407
0.013
0.00239338
0.00484659
0.0125386
0.00354545
0.00704378
0.0179465
0.00551711
0.010092
0.0058957
0.00679242
0.0101422
0.00777021
0.00398731
0.00367239
0.00609472
0.00451388
0.0103269
0.0118106
0.00704822
0.0111953
0.00729468
0.00310786
0.0102302
0.0113067
0.0106026
0.00641134
0.00878711
0.00679254
0.0129589
0.0192017
0.00772091
0.00285911
0.00393929
0.00859811
0.0151183
0.00691231
0.00595511
0.00660664
0.00313501
0.00565578
0.00233931
0.00513447
0.00338639
0.00905002
0.0213776
0.00981827
0.00694799
0.0121966
0.00504761
0.006617
0.0077898
0.0098899
0.00729414
0.00898771
0.00878667
0.0085696
0.00361528
0.0112708
0.0101448
0.0056952
0.0117775
0.00880021
0.0108461
0.00532304
0.00290402
0.00477026
0.0102317
0.00780666
0.0187786
0.0130844
0.0102491
0.014043
0.004863
0.00326209
0.000285087
0.00650085
0.00695923
0.00643058
0.0112562
0.00594289
0.00755104
0.00237396
0.00730935
0.0128583
0.00841213
0.00590224
0.00818195
0.00667689
0.00770887
0.0170297
0.0102533
0.00384951
0.00620403
0.00792175
0.0163313
0.00692708
0.00747874
0.00916617
0.00783118
0.00727018
0.0113458
0.00810964
0.0035787
0.00779456
0.00348447
0.00526679
0.00765024
0.0228478
0.0012479
0.0115705
0.00660049
0.00100288
0.0138178
0.00722342
0.00996616
0.0108297
0.00514422
0.00723599
0.0101573
0.00946693
0.00826729
0.0082335
0.0109258
0.0104347
0.00793082
0.00926665
0.00479838
0.00997422
0.00847801
0.00435788
0.00493029
0.00540959
0.00947165
0.00869099
0.00487057
0.00367751
0.0102614
0.0104547
0.00893269
0.0030895
0.00866151
0.0026387
0.0047751
0.00796731
0.00805935
0.000610218
0.00804496
0.000807704
0.00443965
0.00463912
0.0159654
0.0151333
0.00819144
0.0152541
0.00970522
0.00676402
0.00948485
0.00251919
0.00618756
0.0044487
0.00236728
0.0035041
0.00290378
0.0081276
0.0107236
0.00579577
0.00847501
0.00795351
0.00459078
0.00124264
0.0042041
0.0101789
0.00298208
0.0111423
0.00316894
0.00152264
0.00557907
0.0163638
0.0196389
0.00654747
0.00808754
0.00631126
0.00577874
0.00297649
0.00323703
0.00869264
0.0117446
0.00709913
0.0141646
0.0167588
0.00598577
0.00488793
0.00428987
0.00658947
0.0116413
0.00722357
0.007203
0.0045229
0.0148642
0.00883537
0.0122999
0.0143225
0.00605997
0.00548458
0.00820378
0.00719759
0.00665386
0.0120782
0.00277047
0.00870376
0.0143644
0.00135001
0.01497
0.0134468
0.00381743
0.00573285
0.00749452
0.00856292
0.00639251
0.00276176
0.00703729
0.00984577
0.00668853
0.00305848
0.0105673
0.00973802
0.00622096
0.00428797
0.00576539
0.00741163
0.0130079
0.00912612
0.0043209
0.00548239
0.00743719
0.0121542
0.00143866
0.00570196
0.0105933
0.0207446
0.00868491
0.0138277
0.0023376
0.00647615
0.0153935
0.00486213
0.00213471
0.0184575
0.0070638
0.00734569
0.00741108
0.0099342
0.00661675
0.0103853
0.0152681
0.00685095
0.0123776
0.00947967
0.00156639
0.00734478
0.0101701
0.00606576
0.0101271
0.00454233
0.0123806
0.0033249
0.0100533
0.0116801
0.00291409
0.0100977
0.00403172
0.00406744
0.0102398
0.00668531
0.00157293
0.00304035
0.00938258
0.0112759
0.00641216
0.00461696
0.00950985
0.016257
0.0123125
0.00660927
0.00717606
0.00771612
0.00295001
0.00621522
0.00696909
0.0050477
0.015582
0.0103842
0.0159075
0.0177877
0.00536371
0.0149268
0.00293877
0.0114997
0.00930801
0.0073007
0.015653
0.00876369
0.0101948
0.0123643
0.0156011
0.0102447
0.0129757
0.00553292
0.00809746
0.00511023
0.00573667
0.000963759
0.00705279
0.0118262
0.00348841
0.014618
0.00495146
0.010286
0.0101306
0.0147058
0.00942997
0.0102798
0.0159867
0.0112098
0.0174272
0.00882442
0.00480452
0.00782591
0.012638
0.00587577
0.0175114
0.00542033
0.0032948
0.00247278
0.0129088
0.00843438
0.0100668
0.0106973
0.0102905
0.00187875
0.00306745
0.00780722
0.0106135
0.0016287
0.00861278
0.0062547
0.00914508
0.0113749
0.00723764
0.00417089
0.000377341
0.00891694
0.00754691
0.0100261
0.00465671
0.00903574
0.00924674
0.0103734
0.0157087
0.0090213
0.00721119
0.00648263
0.00358745
0.0118586
0.0048711
0.0134311
0.0101441
0.00555422
0.00847398
0.00561257
0.00246047
0.00859472
0.00589877
0.0149416
0.00541678
0.020906
0.00821901
0.00658061
0.0032548
0.00532877
0.0111463
0.00192439
0.016707
0.00793511
0.0124294
0.00550091
0.00443279
0.0118248
0.0104408
0.00360302
0.00652762
0.0128911
0.0118249
0.00949201
0.00431119
0.00708734
0.00766481
0.0132618
0.00909097
0.00969219
0.0107204
0.00912468
0.00941318
0.0112901
0.00478781
0.00925867
0.0115685
0.0178627
0.00321379
0.0128555
0.00641646
0.00768606
0.00446503
0.0077148
0.00926024
0.0122708
0.00160634
0.00681487
0.0099655
0.00151394
0.0127899
0.0108343
0.0052752
0.00856983
0.00268863
0.00717283
0.00232372
0.012323
0.0052184
0.00590376
0.00812662
0.00903695
0.00790026
0.0041749
0.0093341
0.00952647
0.00944858
0.0052625
0.00754915
0.00481059
0.0138327
0.0169184
0.00826399
0.00998153
0.0125713
0.0105328
0.0154836
0.0135792
0.0055547
0.0139072
0.00699916
0.0121035
0.0165522
0.00627072
0.00776175
0.0120713
0.00719854
0.0140904
0.00545908
0.00555018
0.00516411
0.00228883
0.00855093
0.00628801
0.00657157
0.00669662
0.00318952
0.0080892
0.00421872
0.0224247
0.0168745
0.00496668
0.0019037
0.0117718
0.00835839
0.0152884
0.00530821
0.0080499
0.00699753
0.0209543
0.0069704
0.00667528
0.0086122
0.0124285
0.0098049
0.000822846
0.00267291
0.0165118
0.00851516
0.00461509
0.00747828
0.00484914
0.0149076
0.0073144
0.0156783
0.00777416
0.0157527
0.0118459
0.00456163
0.00805796
0.00539804
0.0135977
0.00370746
0.0119711
0.00510109
0.006105
0.00658267
0.0124752
0.014057
0.00673893
0.00153733
0.00827464
0.00888292
0.0126297
0.00463295
0.00972802
0.00441417
0.00849522
0.00866824
0.00161611
0.0094644
0.00429278
0.0104819
0.00348574
0.0158531
0.00961575
0.0027972
0.0152877
0.0047894
0.00512126
0.00903539
0.00822932
0.00774119
0.00340548
0.019621
0.00817734
0.0211808
0.010106
0.0166958
0.019343
0.00857278
0.00430289
0.00999489
0.00728153
0.00958118
0.00963514
0.00937407
0.00570247
0.0131294
0.00845741
0.0106889
0.00358779
0.00847067
0.00383214
0.00397239
0.0113189
0.00535726
0.0100781
0.00896672
0.00316441
0.00831849
0.00760296
0.00827333
0.0134726
0.00527723
0.00368358
0.00288282
0.00220929
0.00880181
0.0180342
0.00805014
0.0202384
0.0187027
0.00656118
0.00311889
0.00280553
0.0108752
0.00551311
0.0163083
0.00863137
0.0122104
0.00826172
0.0164981
0.0203955
0.0117142
0.00761786
0.0129662
0.00367777
0.0118193
0.00907006
0.00290008
0.0124381
0.00490754
0.00705051
0.00463148
0.00970986
0.010477
0.0146168
0.00353948
0.0038398
0.000680531
0.00484145
0.00908821
0.00325467
0.00453738
0.00329775
0.00714504
0.0116112
0.00627215
0.00913294
0.0142068
0.00852078
0.00774203
0.0118318
0.0191987
0.0127033
0.00944871
0.00333886
0.00178497
0.0241838
0.0111819
0.0104891
0.00941718
0.0129669
0.00492224
0.0138313
0.00402253
0.0149612
0.00695332
0.0181077
0.00552562
0.00135232
0.00593426
0.003446
0.00333909
0.014304
0.00198745
0.00326794
0.0074326
0.00721154
0.00213131
0.00622934
0.0101838
0.00656362
0.0151827
0.00533634
0.011561
0.00465064
0.0170935
0.00526213
0.009884
0.00542715
0.00408599
0.0150357
0.00703635
0.00698642
0.0127474
0.00646844
0.00885827
0.00654596
0.0156719
0.00468185
0.00873096
0.00981798
0.0119378
0.0148008
0.0109912
0.00553822
0.00674547
0.0126682
0.00706479
0.0158784
0.00543723
0.0130438
0.00759462
0.0103797
0.0160585
0.0109644
0.0112393
0.0174171
0.00975332
0.0107662
0.0168203
0.00633336
0.00791508
0.00867345
0.00714464
0.00817669
0.009339
0.00657945
0.0102962
0.0211727
0.00862182
0.00230268
0.00883434
0.00204958
0.0013974
0.00583274
0.0090008
0.00708517
0.0152149
0.0109703
0.00725353
0.00847497
0.00612645
0.013469
0.00210594
0.00859062
0.0142333
0.00643274
0.00588643
0.00202139
0.00459249
0.00133594
0.0167832
0.00786756
0.0158377
0.00284984
0.00322391
0.00204122
0.00912352
0.00572408
0.0134994
0.0160886
0.00674716
0.0056788
0.0117287
0.00203132
0.00250856
0.00618801
0.0131524
0.00377025
0.00876631
0.00495908
0.00132781
0.0098428
0.00696198
0.0145718
0.00515417
0.00785392
0.00886889
0.00850685
0.00899518
0.00139628
0.0162719
0.00172455
0.0129017
0.0140576
0.00265688
0.00627008
0.00882787
0.0197208
0.00972143
0.0129153
0.00969309
0.0029864
0.00527502
0.00285242
0.00552525
0.00660988
0.00876112
0.0117335
0.00312579
0.0079535
0.00353234
0.00276782
0.00789787
0.0064021
0.0203687
0.00991297
0.0152166
0.00994614
0.00489258
0.0168482
0.00334914
0.00646133
0.00216229
0.0116869
0.00385252
0.0135337
0.0105163
0.0143287
0.0103014
0.00107902
0.0135672
0.0106575
0.00914197
0.0109349
0.00409876
0.00669661
0.0206807
0.00892144
0.00659757
0.00231991
0.00582402
0.00444185
0.00420185
0.0121287
0.000410112
0.012931
0.0157102
0.00171035
0.0157801
0.0052908
0.0114281
0.0101744
0.00183204
0.00345934
0.00533658
0.00509648
0.0101487
0.01092
0.0184067
0.00388801
0.0054983
0.00414682
0.0149669
0.008572
0.000953286
0.00400527
0.0124573
0.00365189
0.0176447
0.0086577
0.0073362
0.00274274
0.0113176
0.00752139
0.00880735
0.0159656
0.0156343
0.00497779
0.0109553
0.00283453
0.0142161
0.00982609
0.00854464
0.0137977
0.0104588
0.0141463
0.0145227
0.0184116
0.00801575
0.0155673
0.00611966
0.00964341
0.0103948
0.0143099
0.000925894
0.0031081
0.0143519
0.00438869
0.00501156
0.00723841
0.0104426
0.0161084
0.00223376
0.00469857
0.00936964
0.0112986
0.001957
0.00308969
0.0074813
0.00181178
0.0114945
0.00689761
0.00523749
0.00753133
0.00829943
0.00683715
0.0145619
0.00261154
0.00472662
0.00975551
0.000907833
0.0104935
0.0154428
0.00807338
0.0106888
0.0104328
0.0105312
0.0191948
0.00773461
0.00514068
0.0146364
0.00856666
0.00917273
0.00592317
0.00352847
0.00964833
0.00655716
0.00326692
0.0109899
0.0021116
0.00140618
0.00718633
0.00474767
0.00561345
0.00556881
0.0019915
0.00396175
0.00184117
0.00555998
0.00902525
0.0116435
0.00502114
0.00838283
0.00667644
0.00558036
0.00733145
0.00290653
0.00610821
0.00723315
0.00384631
0.00928243
0.00968598
0.0100602
0.00920648
0.00206389
0.0111887
0.0111934
0.00966271
0.00875859
0.0138313
0.0119581
0.00895994
0.00970804
0.00380337
0.0170517
0.0018227
0.00433866
0.00167976
0.00938584
0.00538037
0.0110082
0.00984975
0.00418435
0.00120371
0.00583198
0.00334435
0.0105982
0.00270387
0.00829181
0.00702604
0.0107251
0.00367182
0.00203785
0.0106642
0.00967521
0.00721377
0.0074219
0.00300972
0.0206076
0.0028241
0.00709885
0.00750789
0.00404857
0.0158866
0.0109431
0.00467595
0.00679087
0.0190805
0.00828592
0.00815105
0.0127024
0.0149446
0.00204718
0.00985394
0.00782549
0.0165302
0.016598
0.0105771
0.00297287
0.0119912
0.00556759
0.00810007
0.00989777
0.0120061
0.00105056
0.00760851
0.0100651
0.00824611
0.00115272
0.00579775
0.0042782
0.00612663
0.00442145
0.0139112
0.0184285
0.018401
0.0201229
0.00619272
0.0114235
0.00537829
0.00957279
0.0186062
0.0129186
0.00408445
0.00943533
0.00582939
0.0119704
0.00775042
0.0132019
0.00428143
0.0045375
0.00902576
0.0108787
0.00928188
0.000539239
0.00454467
0.00287808
0.00875763
0.0086321
0.013082
0.0141721
0.0182321
0.00384413
0.00962337
0.00989611
0.0111618
0.00774949
0.00371537
0.00554017
0.00940715
0.00943745
0.00736561
0.011126
0.00716144
0.0116483
0.0173506
0.00953689
0.0129041
0.0110811
0.00776288
0.00676811
0.00616367
0.013826
0.00846821
0.00354213
0.0133321
0.0109931
0.0080306
0.0111399
0.0025884
0.00964651
0.00431374
0.00670205
0.0119892
0.00859494
0.0122183
0.0113066
0.00629471
0.0132369
0.010669
0.0117924
0.00659814
0.0062932
0.00340366
0.00444975
0.0103869
0.0127542
0.00716973
0.00492716
0.0142279
0.00287401
0.0157078
0.00193774
0.00922179
0.0136493
0.00655893
0.0214562
0.00614441
0.003166
0.021102
0.00574148
0.00176867
0.0141603
0.000766125
0.00919396
0.00811664
0.00396109
0.00166248
0.00170505
0.0122815
0.00937125
0.0109508
0.0142826
0.00481796
0.00445332
0.00905061
0.0112508
0.0216849
0.0103932
0.00263454
0.0114148
0.0180693
0.00528786
0.00745597
0.00728063
0.0102861
0.0206902
0.00630108
0.0060521
0.0018054
0.0073095
0.00821401
0.00967965
0.00278226
0.00916342
0.00442842
0.0143811
0.00542007
0.00571056
0.00512105
0.00124959
0.0073751
0.0045529
0.00455549
0.00804423
0.0119902
0.00949704
0.00661655
0.00641124
0.00763818
0.00602014
0.00406245
0.0070017
0.0136316
0.00672006
0.00453486
0.0102526
0.0129117
0.00656421
0.00926733
0.00848907
0.00804679
0.00860245
0.0059007
0.00847073
0.00478119
0.00103724
0.00558401
0.00510565
0.0121109
0.00319575
0.00583816
0.00855973
0.00739518
0.0151436
0.0037422
0.00439758
0.0118722
0.0122528
0.0161719
0.0067732
0.00995039
0.00458366
0.014882
0.0148239
0.00687672
0.00740285
0.0051762
0.00329715
0.0114726
0.00512307
0.00365889
0.0154572
0.00944193
0.00957067
0.0177792
0.0123077
0.00251132
0.00603838
0.00550546
0.00421297
0.0153309
0.0124721
0.0095772
0.00199462
0.00679776
0.00307419
0.00577755
0.00449563
0.00999273
0.0128628
0.00617854
0.00464084
0.00490284
0.00437216
0.00624829
0.00401008
0.00871744
0.00719008
0.00346871
0.00204862
0.00391141
0.00123431
0.00286012
0.00831241
0.00514755
0.0142447
0.0156911
0.00750516
0.0118114
0.00780055
0.00650158
0.00552882
0.00312136
0.00394383
0.0108391
0.00173712
0.0106367
0.00394485
0.00896502
0.00670158
0.00570535
0.00442056
0.00441896
0.00349833
0.00738102
0.00734621
0.00137477
0.00374909
0.00279967
0.00491184
0.00630314
0.00667385
0.00883118
0.00120923
0.00773249
0.00476884
0.00872401
0.00110723
0.00846323
0.00354038
0.0131512
0.00396732
0.00992415
0.0149721
0.00320275
0.0137371
0.0138357
0.00434602
0.00284126
0.00863445
0.00854443
0.00606034
0.00650068
0.00905972
0.00663484
0.0137876
0.00924738
0.00963906
0.0127794
0.00376014
0.00579565
0.00384706
0.00457714
0.0133791
0.00297824
0.00132924
0.000628181
0.00568169
0.00458808
0.0110008
0.00390198
0.00950955
0.00451709
0.0146795
0.0065649
0.00261125
0.0118017
0.0102827
0.0139694
0.00811273
0.00137445
0.00635015
0.00544741
0.00828698
0.0170825
0.00928907
0.00505138
0.0136321
0.00492827
0.0043193
0.00338047
0.00306929
0.0109223
0.00646931
0.00559741
0.00973345
0.00710113
0.00885602
0.0108943
0.00840271
0.00380955
0.0081408
0.000230459
0.0145955
0.002187
0.00939008
0.00308418
0.00838876
0.00247983
0.00733317
0.00911472
0.00830763
0.00758354
0.0140546
0.0153556
0.0121585
0.00672855
0.00576484
0.00152708
0.00980653
0.00999057
0.0118022
0.00860782
0.0083757
0.00110356
0.00751681
0.0036253
0.00738428
0.0230934
0.00287652
0.0117222
0.00759454
0.00606606
0.0021491
0.00970368
0.014653
0.0133286
0.00598659
0.011509
0.0133459
0.00561349
0.0170686
0.00561349
0.0133459
0.011509
0.00598659
0.0133286
0.014653
0.00970368
0.0021491
0.00606606
0.00759454
0.0117222
0.00287652
0.0230934
0.00738428
0.0036253
0.00751681
0.00110356
0.0083757
0.00860782
0.0118022
0.00999057
0.00980653
0.00152708
0.00576484
0.00672855
0.0121585
0.0153556
0.0140546
0.00758354
0.00830763
0.00911472
0.00733317
0.00247983
0.00838876
0.00308418
0.00939008
0.002187
0.0145955
0.000230459
0.0081408
0.00380955
0.00840271
0.0108943
0.00885602
0.00710113
0.00973345
0.00559741
0.00646931
0.0109223
0.00306929
0.00338047
0.0043193
0.00492827
0.0136321
0.00505138
0.00928907
0.0170825
0.00828698
0.00544741
0.00635015
0.00137445
0.00811273
0.0139694
0.0102827
0.0118017
0.00261125
0.0065649
0.0146795
0.00451709
0.00950955
0.00390198
0.0110008
0.00458808
0.00568169
0.000628181
0.00132924
0.00297824
0.0133791
0.00457714
0.00384706
0.00579565
0.00376014
0.0127794
0.00963906
0.00924738
0.0137876
0.00663484
0.00905972
0.00650068
0.00606034
0.00854443
0.00863445
0.00284126
0.00434602
0.0138357
0.0137371
0.00320275
0.0149721
0.00992415
0.00396732
0.0131512
0.00354038
0.00846323
0.00110723
0.00872401
0.00476884
0.00773249
0.00120923
0.00883118
0.00667385
0.00630314
0.00491184
0.00279967
0.00374909
0.00137477
0.00734621
0.00738102
0.00349833
0.00441896
0.00442056
0.00570535
0.00670158
0.00896502
0.00394485
0.0106367
0.00173712
0.0108391
0.00394383
0.00312136
0.00552882
0.00650158
0.00780055
0.0118114
0.00750516
0.0156911
0.0142447
0.00514755
0.00831241
0.00286012
0.00123431
0.00391141
0.00204862
0.00346871
0.00719008
0.00871744
0.00401008
0.00624829
0.00437216
0.00490284
0.00464084
0.00617854
0.0128628
0.00999273
0.00449563
0.00577755
0.00307419
0.00679776
0.00199462
0.0095772
0.0124721
0.0153309
0.00421297
0.00550546
0.00603838
0.00251132
0.0123077
0.0177792
0.00957067
0.00944193
0.0154572
0.00365889
0.00512307
0.0114726
0.00329715
0.0051762
0.00740285
0.00687672
0.0148239
0.014882
0.00458366
0.00995039
0.0067732
0.0161719
0.0122528
0.0118722
0.00439758
0.0037422
0.0151436
0.00739518
0.00855973
0.00583816
0.00319575
0.0121109
0.00510565
0.00558401
0.00103724
0.00478119
0.00847073
0.0059007
0.00860245
0.00804679
0.00848907
0.00926733
0.00656421
0.0129117
0.0102526
0.00453486
0.00672006
0.0136316
0.0070017
0.00406245
0.00602014
0.00763818
0.00641124
0.00661655
0.00949704
0.0119902
0.00804423
0.00455549
0.0045529
0.0073751
0.00124959
0.00512105
0.00571056
0.00542007
0.0143811
0.00442842
0.00916342
0.00278226
0.00967965
0.00821401
0.0073095
0.0018054
0.0060521
0.00630108
0.0206902
0.0102861
0.00728063
0.00745597
0.00528786
0.0180693
0.0114148
0.00263454
0.0103932
0.0216849
0.0112508
0.00905061
0.00445332
0.00481796
0.0142826
0.0109508
0.00937125
0.0122815
0.00170505
0.00166248
0.00396109
0.00811664
0.00919396
0.000766125
0.0141603
0.00176867
0.00574148
0.021102
0.003166
0.00614441
0.0214562
0.00655893
0.0136493
0.00922179
0.00193774
0.0157078
0.00287401
0.0142279
0.00492716
0.00716973
0.0127542
0.0103869
0.00444975
0.00340366
0.0062932
0.00659814
0.0117924
0.010669
0.0132369
0.00629471
0.0113066
0.0122183
0.00859494
0.0119892
0.00670205
0.00431374
0.00964651
0.0025884
0.0111399
0.0080306
0.0109931
0.0133321
0.00354213
0.00846821
0.013826
0.00616367
0.00676811
0.00776288
0.0110811
0.0129041
0.00953689
0.0173506
0.0116483
0.00716144
0.011126
0.00736561
0.00943745
0.00940715
0.00554017
0.00371537
0.00774949
0.0111618
0.00989611
0.00962337
0.00384413
0.0182321
0.0141721
0.013082
0.0086321
0.00875763
0.00287808
0.00454467
0.000539239
0.00928188
0.0108787
0.00902576
0.0045375
0.00428143
0.0132019
0.00775042
0.0119704
0.00582939
0.00943533
0.00408445
0.0129186
0.0186062
0.00957279
0.00537829
0.0114235
0.00619272
0.0201229
0.018401
0.0184285
0.0139112
0.00442145
0.00612663
0.0042782
0.00579775
0.00115272
0.00824611
0.0100651
0.00760851
0.00105056
0.0120061
0.00989777
0.00810007
0.00556759
0.0119912
0.00297287
0.0105771
0.016598
0.0165302
0.00782549
0.00985394
0.00204718
0.0149446
0.0127024
0.00815105
0.00828592
0.0190805
0.00679087
0.00467595
0.0109431
0.0158866
0.00404857
0.00750789
0.00709885
0.0028241
0.0206076
0.00300972
0.0074219
0.00721377
0.00967521
0.0106642
0.00203785
0.00367182
0.0107251
0.00702604
0.00829181
0.00270387
0.0105982
0.00334435
0.00583198
0.00120371
0.00418435
0.00984975
0.0110082
0.00538037
0.00938584
0.00167976
0.00433866
0.0018227
0.0170517
0.00380337
0.00970804
0.00895994
0.0119581
0.0138313
0.00875859
0.00966271
0.0111934
0.0111887
0.00206389
0.00920648
0.0100602
0.00968598
0.00928243
0.00384631
0.00723315
0.00610821
0.00290653
0.00733145
0.00558036
0.00667644
0.00838283
0.00502114
0.0116435
0.00902525
0.00555998
0.00184117
0.00396175
0.0019915
0.00556881
0.00561345
0.00474767
0.00718633
0.00140618
0.0021116
0.0109899
0.00326692
0.00655716
0.00964833
0.00352847
0.00592317
0.00917273
0.00856666
0.0146364
0.00514068
0.00773461
0.0191948
0.0105312
0.0104328
0.0106888
0.00807338
0.0154428
0.0104935
0.000907833
0.00975551
0.00472662
0.00261154
0.0145619
0.00683715
0.00829943
0.00753133
0.00523749
0.00689761
0.0114945
0.00181178
0.0074813
0.00308969
0.001957
0.0112986
0.00936964
0.00469857
0.00223376
0.0161084
0.0104426
0.00723841
0.00501156
0.00438869
0.0143519
0.0031081
0.000925894
0.0143099
0.0103948
0.00964341
0.00611966
0.0155673
0.00801575
0.0184116
0.0145227
0.0141463
0.0104588
0.0137977
0.00854464
0.00982609
0.0142161
0.00283453
0.0109553
0.00497779
0.0156343
0.0159656
0.00880735
0.00752139
0.0113176
0.00274274
0.0073362
0.0086577
0.0176447
0.00365189
0.0124573
0.00400527
0.000953286
0.008572
0.0149669
0.00414682
0.0054983
0.00388801
0.0184067
0.01092
0.0101487
0.00509648
0.00533658
0.00345934
0.00183204
0.0101744
0.0114281
0.0052908
0.0157801
0.00171035
0.0157102
0.012931
0.000410112
0.0121287
0.00420185
0.00444185
0.00582402
0.00231991
0.00659757
0.00892144
0.0206807
0.00669661
0.00409876
0.0109349
0.00914197
0.0106575
0.0135672
0.00107902
0.0103014
0.0143287
0.0105163
0.0135337
0.00385252
0.0116869
0.00216229
0.00646133
0.00334914
0.0168482
0.00489258
0.00994614
0.0152166
0.00991297
0.0203687
0.0064021
0.00789787
0.00276782
0.00353234
0.0079535
0.00312579
0.0117335
0.00876112
0.00660988
0.00552525
0.00285242
0.00527502
0.0029864
0.00969309
0.0129153
0.00972143
0.0197208
0.00882787
0.00627008
0.00265688
0.0140576
0.0129017
0.00172455
0.0162719
0.00139628
0.00899518
0.00850685
0.00886889
0.00785392
0.00515417
0.0145718
0.00696198
0.0098428
0.00132781
0.00495908
0.00876631
0.00377025
0.0131524
0.00618801
0.00250856
0.00203132
0.0117287
0.0056788
0.00674716
0.0160886
0.0134994
0.00572408
0.00912352
0.00204122
0.00322391
0.00284984
0.0158377
0.00786756
0.0167832
0.00133594
0.00459249
0.00202139
0.00588643
0.00643274
0.0142333
0.00859062
0.00210594
0.013469
0.00612645
0.00847497
0.00725353
0.0109703
0.0152149
0.00708517
0.0090008
0.00583274
0.0013974
0.00204958
0.00883434
0.00230268
0.00862182
0.0211727
0.0102962
0.00657945
0.009339
0.00817669
0.00714464
0.00867345
0.00791508
0.00633336
0.0168203
0.0107662
0.00975332
0.0174171
0.0112393
0.0109644
0.0160585
0.0103797
0.00759462
0.0130438
0.00543723
0.0158784
0.00706479
0.0126682
0.00674547
0.00553822
0.0109912
0.0148008
0.0119378
0.00981798
0.00873096
0.00468185
0.0156719
0.00654596
0.00885827
0.00646844
0.0127474
0.00698642
0.00703635
0.0150357
0.00408599
0.00542715
0.009884
0.00526213
0.0170935
0.00465064
0.011561
0.00533634
0.0151827
0.00656362
0.0101838
0.00622934
0.00213131
0.00721154
0.0074326
0.00326794
0.00198745
0.014304
0.00333909
0.003446
0.00593426
0.00135232
0.00552562
0.0181077
0.00695332
0.0149612
0.00402253
0.0138313
0.00492224
0.0129669
0.00941718
0.0104891
0.0111819
0.0241838
0.00178497
0.00333886
0.00944871
0.0127033
0.0191987
0.0118318
0.00774203
0.00852078
0.0142068
0.00913294
0.00627215
0.0116112
0.00714504
0.00329775
0.00453738
0.00325467
0.00908821
0.00484145
0.000680531
0.0038398
0.00353948
0.0146168
0.010477
0.00970986
0.00463148
0.00705051
0.00490754
0.0124381
0.00290008
0.00907006
0.0118193
0.00367777
0.0129662
0.00761786
0.0117142
0.0203955
0.0164981
0.00826172
0.0122104
0.00863137
0.0163083
0.00551311
0.0108752
0.00280553
0.00311889
0.00656118
0.0187027
0.0202384
0.00805014
0.0180342
0.00880181
0.00220929
0.00288282
0.00368358
0.00527723
0.0134726
0.00827333
0.00760296
0.00831849
0.00316441
0.00896672
0.0100781
0.00535726
0.0113189
0.00397239
0.00383214
0.00847067
0.00358779
0.0106889
0.00845741
0.0131294
0.00570247
0.00937407
0.00963514
0.00958118
0.00728153
0.00999489
0.00430289
0.00857278
0.019343
0.0166958
0.010106
0.0211808
0.00817734
0.019621
0.00340548
0.00774119
0.00822932
0.00903539
0.00512126
0.0047894
0.0152877
0.0027972
0.00961575
0.0158531
0.00348574
0.0104819
0.00429278
0.0094644
0.00161611
0.00866824
0.00849522
0.00441417
0.00972802
0.00463295
0.0126297
0.00888292
0.00827464
0.00153733
0.00673893
0.014057
0.0124752
0.00658267
0.006105
0.00510109
0.0119711
0.00370746
0.0135977
0.00539804
0.00805796
0.00456163
0.0118459
0.0157527
0.00777416
0.0156783
0.0073144
0.0149076
0.00484914
0.00747828
0.00461509
0.00851516
0.0165118
0.00267291
0.000822846
0.0098049
0.0124285
0.0086122
0.00667528
0.0069704
0.0209543
0.00699753
0.0080499
0.00530821
0.0152884
0.00835839
0.0117718
0.0019037
0.00496668
0.0168745
0.0224247
0.00421872
0.0080892
0.00318952
0.00669662
0.00657157
0.00628801
0.00855093
0.00228883
0.00516411
0.00555018
0.00545908
0.0140904
0.00719854
0.0120713
0.00776175
0.00627072
0.0165522
0.0121035
0.00699916
0.0139072
0.0055547
0.0135792
0.0154836
0.0105328
0.0125713
0.00998153
0.00826399
0.0169184
0.0138327
0.00481059
0.00754915
0.0052625
0.00944858
0.00952647
0.0093341
0.0041749
0.00790026
0.00903695
0.00812662
0.00590376
0.0052184
0.012323
0.00232372
0.00717283
0.00268863
0.00856983
0.0052752
0.0108343
0.0127899
0.00151394
0.0099655
0.00681487
0.00160634
0.0122708
0.00926024
0.0077148
0.00446503
0.00768606
0.00641646
0.0128555
0.00321379
0.0178627
0.0115685
0.00925867
0.00478781
0.0112901
0.00941318
0.00912468
0.0107204
0.00969219
0.00909097
0.0132618
0.00766481
0.00708734
0.00431119
0.00949201
0.0118249
0.0128911
0.00652762
0.00360302
0.0104408
0.0118248
0.00443279
0.00550091
0.0124294
0.00793511
0.016707
0.00192439
0.0111463
0.00532877
0.0032548
0.00658061
0.00821901
0.020906
0.00541678
0.0149416
0.00589877
0.00859472
0.00246047
0.00561257
0.00847398
0.00555422
0.0101441
0.0134311
0.0048711
0.0118586
0.00358745
0.00648263
0.00721119
0.0090213
0.0157087
0.0103734
0.00924674
0.00903574
0.00465671
0.0100261
0.00754691
0.00891694
0.000377341
0.00417089
0.00723764
0.0113749
0.00914508
0.0062547
0.00861278
0.0016287
0.0106135
0.00780722
0.00306745
0.00187875
0.0102905
0.0106973
0.0100668
0.00843438
0.0129088
0.00247278
0.0032948
0.00542033
0.0175114
0.00587577
0.012638
0.00782591
0.00480452
0.00882442
0.0174272
0.0112098
0.0159867
0.0102798
0.00942997
0.0147058
0.0101306
0.010286
0.00495146
0.014618
0.00348841
0.0118262
0.00705279
0.000963759
0.00573667
0.00511023
0.00809746
0.00553292
0.0129757
0.0102447
0.0156011
0.0123643
0.0101948
0.00876369
0.015653
0.0073007
0.00930801
0.0114997
0.00293877
0.0149268
0.00536371
0.0177877
0.0159075
0.0103842
0.015582
0.0050477
0.00696909
0.00621522
0.00295001
0.00771612
0.00717606
0.00660927
0.0123125
0.016257
0.00950985
0.00461696
0.00641216
0.0112759
0.00938258
0.00304035
0.00157293
0.00668531
0.0102398
0.00406744
0.00403172
0.0100977
0.00291409
0.0116801
0.0100533
0.0033249
0.0123806
0.00454233
0.0101271
0.00606576
0.0101701
0.00734478
0.00156639
0.00947967
0.0123776
0.00685095
0.0152681
0.0103853
0.00661675
0.0099342
0.00741108
0.00734569
0.0070638
0.0184575
0.00213471
0.00486213
0.0153935
0.00647615
0.0023376
0.0138277
0.00868491
0.0207446
0.0105933
0.00570196
0.00143866
0.0121542
0.00743719
0.00548239
0.0043209
0.00912612
0.0130079
0.00741163
0.00576539
0.00428797
0.00622096
0.00973802
0.0105673
0.00305848
0.00668853
0.00984577
0.00703729
0.00276176
0.00639251
0.00856292
0.00749452
0.00573285
0.00381743
0.0134468
0.01497
0.00135001
0.0143644
0.00870376
0.00277047
0.0120782
0.00665386
0.00719759
0.00820378
0.00548458
0.00605997
0.0143225
0.0122999
0.00883537
0.0148642
0.0045229
0.007203
0.00722357
0.0116413
0.00658947
0.00428987
0.00488793
0.00598577
0.0167588
0.0141646
0.00709913
0.0117446
0.00869264
0.00323703
0.00297649
0.00577874
0.00631126
0.00808754
0.00654747
0.0196389
0.0163638
0.00557907
0.00152264
0.00316894
0.0111423
0.00298208
0.0101789
0.0042041
0.00124264
0.00459078
0.00795351
0.00847501
0.00579577
0.0107236
0.0081276
0.00290378
0.0035041
0.00236728
0.0044487
0.00618756
0.00251919
0.00948485
0.00676402
0.00970522
0.0152541
0.00819144
0.0151333
0.0159654
0.00463912
0.00443965
0.000807704
0.00804496
0.000610218
0.00805935
0.00796731
0.0047751
0.0026387
0.00866151
0.0030895
0.00893269
0.0104547
0.0102614
0.00367751
0.00487057
0.00869099
0.00947165
0.00540959
0.00493029
0.00435788
0.00847801
0.00997422
0.00479838
0.00926665
0.00793082
0.0104347
0.0109258
0.0082335
0.00826729
0.00946693
0.0101573
0.00723599
0.00514422
0.0108297
0.00996616
0.00722342
0.0138178
0.00100288
0.00660049
0.0115705
0.0012479
0.0228478
0.00765024
0.00526679
0.00348447
0.00779456
0.0035787
0.00810964
0.0113458
0.00727018
0.00783118
0.00916617
0.00747874
0.00692708
0.0163313
0.00792175
0.00620403
0.00384951
0.0102533
0.0170297
0.00770887
0.00667689
0.00818195
0.00590224
0.00841213
0.0128583
0.00730935
0.00237396
0.00755104
0.00594289
0.0112562
0.00643058
0.00695923
0.00650085
0.000285087
0.00326209
0.004863
0.014043
0.0102491
0.0130844
0.0187786
0.00780666
0.0102317
0.00477026
0.00290402
0.00532304
0.0108461
0.00880021
0.0117775
0.0056952
0.0101448
0.0112708
0.00361528
0.0085696
0.00878667
0.00898771
0.00729414
0.0098899
0.0077898
0.006617
0.00504761
0.0121966
0.00694799
0.00981827
0.0213776
0.00905002
0.00338639
0.00513447
0.00233931
0.00565578
0.00313501
0.00660664
0.00595511
0.00691231
0.0151183
0.00859811
0.00393929
0.00285911
0.00772091
0.0192017
0.0129589
0.00679254
0.00878711
0.00641134
0.0106026
0.0113067
0.0102302
0.00310786
0.00729468
0.0111953
0.00704822
0.0118106
0.0103269
0.00451388
0.00609472
0.00367239
0.00398731
0.00777021
0.0101422
0.00679242
0.0058957
0.010092
0.00551711
0.0179465
0.00704378
0.00354545
0.0125386
0.00484659
0.00239338
0.013
0.0100407
0.00526034
0.002947
0.0119994
0.00269477
0.00820971
0.0100404
0.00425448
0.0115916
0.00303993
0.0029648
0.0065629
0.00846924
0.00582338
0.0117021
0.0100025
0.0170644
0.0179911
0.0138921
0.00935054
0.00501803
0.00473206
0.0145271
0.00387855
0.0100629
0.0105491
0.00708941
0.0102301
0.0146443
0.0169358
0.00623837
0.00989877
0.00546601
0.00575531
0.00131357
0.00906729
0.00862799
0.00408583
0.0104604
0.00511683
0.0026648
0.0124963
0.0103044
0.00585864
0.00572375
0.00794887
0.00322233
0.00339933
0.00710337
0.0162171
0.00406285
0.00480539
0.00222706
0.00379304
0.00931418
0.00684913
0.00394436
0.00899676
0.00878451
0.00833917
0.002047
0.00471892
0.010114
0.0133819
0.00320568
0.0125932
0.014545
0.00347494
0.00776775
0.00278173
0.00850092
0.00517117
0.00396113
0.00620498
0.0127889
0.00737857
0.00404972
0.00679906
0.00998088
0.012896
0.013022
0.00787591
0.00689736
0.00448934
0.00832737
0.00454489
0.00600029
0.0237868
0.00644335
0.00980873
0.00312507
0.0104354
0.00611584
0.0157676
0.0027528
0.00258971
0.0145776
0.00818589
0.00804058
0.00303722
0.0159189
0.00468521
0.00452674
0.00750242
0.00591684
0.00312123
0.00806172
0.00713974
0.0012972
0.0102789
0.00318056
0.00320208
0.0022111
0.0078634
0.00602783
0.0173504
0.000809752
0.0164997
0.00460568
0.0171296
0.0143334
0.00447628
0.00729914
0.00508289
0.00674139
0.00955177
0.012679
0.0133928
0.0124699
0.0125175
0.00606091
0.00523169
0.00445409
0.0113043
0.00685081
0.00413573
0.003002
0.0037651
0.00619442
0.0167237
0.00278192
0.00769714
0.0164562
0.00608233
0.00695112
0.00783372
0.00229469
0.0112702
0.0069622
0.0081029
0.0156929
0.00865444
0.0110421
0.0134107
0.0127428
0.0142539
0.00333633
0.00390108
0.00477558
0.00540223
0.007839
0.00512218
0.0126554
0.00528189
0.00531983
0.00624454
0.00495913
0.0052645
0.00631744
0.012543
0.00833124
0.00529868
0.00171768
0.00983795
0.00254602
0.0065309
0.0106741
0.00719204
0.00537305
0.0100338
0.0030676
0.00957859
0.0079941
0.00230147
0.0133441
0.00402871
0.00827879
0.00590457
0.0158055
0.00602756
0.00077125
0.0158951
0.00348807
0.0156691
0.00259946
0.0072266
0.00342544
0.011491
0.00649125
0.00442133
0.00955316
0.0178295
0.00705493
0.00864625
0.0129715
0.00889242
0.0138028
0.0138761
0.0142941
0.000782741
0.00907879
0.00580574
0.0129568
0.00350721
0.00419127
0.00526887
0.0117399
0.00190082
0.00391766
0.0118993
0.0156722
0.00760727
0.01663
0.0152228
0.0101538
0.0149222
0.0142624
0.0120801
0.000669762
0.00574323
0.0100391
0.00778863
0.00524595
0.010834
0.0171909
0.00704942
0.00703007
0.0131606
0.0136679
0.00862871
0.00195272
0.00219663
0.0013517
0.0164375
0.0080784
0.0136479
0.00238606
0.00931081
0.0182543
0.011466
0.0107261
0.00916156
0.00265721
0.00447533
0.00542084
0.00562063
0.0059706
0.00447511
0.00437772
0.00405729
0.00994898
0.00430598
0.00207254
0.0101477
0.00879928
0.00664856
0.00533294
0.0164006
0.0117693
0.00594892
0.00696334
0.00459002
0.00813009
0.00541124
0.00909388
0.00820745
0.00782364
0.00717817
0.00262463
0.00830669
0.00453072
0.0033214
0.00986444
0.00758447
0.004216
0.00368028
0.0100062
0.00368729
0.0115327
0.0148849
0.00618943
0.00350626
0.0108945
0.00840671
0.00248259
0.00699719
0.0192333
0.0204782
0.00949613
0.0046124
0.00821529
0.0238545
0.000336152
0.00630108
0.00740152
0.00433217
0.00214798
0.00406206
0.0067366
0.00453699
0.0221833
0.00363395
0.0120998
0.0102176
0.00542094
0.00498926
0.00327697
0.0133028
0.00538002
0.00798525
0.0152701
0.00480294
0.0152302
0.011616
0.00523002
0.0165554
0.00395952
0.00106377
0.00711284
0.00592176
0.00643746
0.00816778
0.0148113
0.00266459
0.00910211
0.0124584
0.00884122
0.0155349
0.0138453
0.00539344
0.0101861
0.00294758
0.0070755
0.0200304
0.0157784
0.00649556
0.00771841
0.00636016
0.00746355
0.00910282
0.00640055
0.0050451
0.0132313
0.00882813
0.00695122
0.015026
0.00537124
0.00631971
0.0193198
0.0202909
0.00698405
0.00605169
0.0119404
0.00814195
0.00911999
0.0147876
0.0167773
0.00438803
0.0109545
0.00293567
0.0147897
0.00377177
0.00171705
0.0126688
0.0103323
0.0054047
0.0115118
0.00771078
0.00957929
0.0100657
0.0110454
0.00747329
0.0137333
0.00905279
0.00393526
0.00273402
0.00363074
0.0135472
0.0101024
0.00741702
0.0052004
0.0081712
0.0131639
0.00905914
0.00898422
0.00304586
0.0183606
0.00376433
0.0199593
0.0179602
0.00627896
0.00512125
0.0113437
0.00736934
0.00284778
0.00784863
0.00353693
0.0045714
0.005389
0.0110997
0.0153035
0.0129068
0.012706
0.0132705
0.00419123
0.00796654
0.003619
0.0034589
0.0144477
0.00905301
0.0130471
0.006199
0.001773
0.00453297
0.00536441
0.00849178
0.00824962
0.00445797
0.0049881
0.00760356
0.00598275
0.00999992
0.0138198
0.00393367
0.00374676
0.012409
0.00658587
0.00756959
0.00748863
0.0127755
0.00942559
0.0172881
0.0163539
0.0129592
0.00334068
0.0103154
0.0138496
0.00788053
0.0054233
0.014492
0.000330342
0.0196516
0.00987637
0.012651
0.0104084
0.00719221
0.0130971
0.00998427
0.00495758
0.00512783
0.00746744
0.0109168
0.00549993
0.0088432
0.00503279
0.0171681
0.00324694
0.00353018
0.00453486
0.0151602
0.00247813
0.00653708
0.00744086
0.00710072
0.00484508
0.00588929
0.0105728
0.0174943
0.0124928
0.00872049
0.00762485
0.0072341
0.00231683
0.0113666
0.00958834
0.00775955
0.00825338
0.000864652
0.00669347
0.00912899
0.0123594
0.0149352
0.0124463
0.00944952
0.00167668
0.00927752
0.00559677
0.0148646
0.00357196
0.00390153
0.00519785
0.0179491
0.0160284
0.00504621
0.0157236
0.00466926
0.00677426
0.0130635
0.00566504
0.00290726
0.00795397
0.00911902
0.00737912
0.00972021
0.00869715
0.00631529
0.00515159
0.00775786
0.00630675
0.00396663
0.00590779
0.00221963
0.00983021
0.00869046
0.00358438
0.00486103
0.0102985
0.0041716
0.00445017
0.0165022
0.00566219
0.00722213
0.0139192
0.00679851
0.0148488
0.0173609
0.00657575
0.00237263
0.00870347
0.00969382
0.00405266
0.00435017
0.005717
0.0153387
0.00589252
0.0119824
0.0110532
0.0034776
0.00135962
0.00305812
0.010837
0.00565981
0.00933968
0.00299104
0.00227126
0.00511837
0.00737429
0.00393138
0.0119758
0.00721702
0.0100658
0.00245082
0.00962338
0.00971208
0.00777956
0.00793474
0.00641859
0.0157713
0.00641285
0.00762857
0.00235237
0.00826332
0.00922598
0.0031423
0.0102304
0.0102311
0.00431658
0.00651021
0.0108337
0.00614948
0.00178143
0.00766719
0.00711508
0.00476243
0.00689994
0.0118
0.00977796
0.00533707
0.00834731
0.0064926
0.00652171
0.00345224
0.00625734
0.0154972
0.00226469
0.0159568
0.00590284
0.0086557
0.0180529
0.00653622
0.00862743
0.00849871
0.00503054
0.0153497
0.00488196
0.00820533
0.0173438
0.0138939
0.00823691
0.00617646
0.0113017
0.00954599
0.00354658
0.0183736
0.00534275
0.00555041
0.0112736
0.0102466
0.00725554
0.00882754
0.00510868
0.00848926
0.0103929
0.000645479
0.0115028
0.00702817
0.0107904
0.0260044
0.00984546
0.00933469
0.00567367
0.00632798
0.00396347
0.0132364
0.00359736
0.00376762
0.00734554
0.00427305
0.00760144
0.00890384
0.00774835
0.00422477
0.0105759
0.0108921
0.00625011
0.00609454
0.00490775
0.00572557
0.0065732
0.00740935
0.00966589
0.00617816
0.00846286
0.00754022
0.00363492
0.0189048
0.00782647
0.00743954
0.0145685
0.0136579
0.010718
0.0089829
0.00127517
0.00955714
0.00785427
0.00898574
0.00963203
0.00936001
0.00618481
0.00596423
0.012651
0.00951138
0.00283685
0.00237645
0.017927
0.0142429
0.00714688
0.0028662
0.0102456
0.015539
0.00624714
0.00882797
0.0110566
0.0134449
0.00486225
0.0130146
0.0174948
0.0149129
0.00494286
0.0148207
0.00553471
0.0120402
0.00198442
0.00535166
0.00418823
0.00206712
0.00470414
0.0118438
0.00847261
0.00871947
0.00444732
0.00896005
0.00852316
0.0174972
0.0107723
0.0125595
0.00647688
0.0101295
0.00851153
0.00100697
