15.9981
0.000335658
0.00283718
0.00337649
0.00215896
0.00418651
0.00359078
0.0058324
0.00284105
0.00298668
0.00148244
0.00290649
0.0028242
0.00394793
0.00156805
0.00068904
0.00139608
0.00178389
0.000661472
0.00401339
0.0018449
0.00494023
0.00164762
0.00497097
0.00583161
0.0043382
0.00162075
0.00448163
0.00368555
0.00294266
0.00208238
0.00517968
0.00341519
0.0009554
0.00238229
0.00474764
0.00597566
0.000792151
0.000945617
0.00317046
0.00421698
0.00198808
0.0020616
0.00312
0.00321068
0.00299525
0.00261809
0.00318571
0.000425056
0.0029943
0.00357266
0.00455263
0.00485618
0.00247985
0.00260882
0.0063016
0.00121164
0.00251341
0.00282095
0.00205939
0.00322196
0.00246978
0.00219107
0.00190852
0.00163592
0.00203151
0.00208337
0.0036307
0.00352529
0.00140826
0.00258278
0.00296795
0.00253381
0.00142435
0.00244851
0.00125587
0.00119912
0.00441212
0.00132116
0.00210933
0.00189122
0.00311156
0.00328182
0.00866815
0.00359681
0.00234272
0.00383426
0.00021516
0.0034643
0.00282975
0.00170289
0.00294251
0.00241851
0.00341553
0.00375787
0.00185014
0.00178092
0.00612452
0.00118219
0.003182
0.00376724
0.00205882
0.00274564
0.00463132
0.00578126
0.00273511
0.00162732
0.00511656
0.00167685
0.0028329
0.00287581
0.00217874
0.00601762
0.00288523
0.00196761
0.00531894
0.000754898
0.00516572
0.00208578
0.00115075
0.0021739
0.0021642
0.00278244
0.00177902
0.00325932
0.00393334
0.00229998
0.00158748
0.00237169
0.00255573
0.000593809
0.00204983
0.00361124
0.00217007
0.00143886
0.00341038
0.00341014
0.00104743
0.00307533
0.00275444
0.000784124
0.00254286
0.00213762
0.00525709
0.00213953
0.00264491
0.00259319
0.00323736
0.00320779
0.000816939
0.00335526
0.00240567
0.00399195
0.00131046
0.0024581
0.00170612
0.000757086
0.000997013
0.00311323
0.0018866
0.00361234
0.00101937
0.000453206
0.0011592
0.00368441
0.00399412
0.00196417
0.0051129
0.00190567
0.00145006
0.00135089
0.00323127
0.00290116
0.000790877
0.00219192
0.00578698
0.0049496
0.00226617
0.00463973
0.00240738
0.0018874
0.00550074
0.00148339
0.00139053
0.00343283
0.00162034
0.00119479
0.00289682
0.00327674
0.000739876
0.00196926
0.00132221
0.00210225
0.00258595
0.0017172
0.0021051
0.00289905
0.00324007
0.00245971
0.00303967
0.00265132
0.000969088
0.00188835
0.00435451
0.00225809
0.00155642
0.0052412
0.00168207
0.00534281
0.00598304
0.00173262
0.00130051
0.00119065
0.00495486
0.00186559
0.00309251
0.000558894
0.00314984
0.00414875
0.00497841
0.0041198
0.003043
0.00223116
0.000288217
0.00275113
0.00258652
0.00319611
0.00378885
0.000772278
0.00241137
0.00254162
0.00290683
0.00416426
0.00583143
0.00352427
0.0019631
0.00161503
0.00236691
0.00248029
0.00217903
0.000826044
0.00505341
0.00151162
0.00117673
0.00108231
0.00572269
0.0016776
0.00294773
0.00183331
0.00363892
0.00248915
0.00170928
0.00165253
0.00332809
0.0043657
0.0023974
0.00346947
0.00421701
0.00329212
0.00655053
0.000110114
0.00483068
0.00180777
0.00262684
0.00461654
0.00343847
0.00111356
0.00431975
0.0054513
0.00576272
0.00314186
0.00425851
0.00249621
0.0025232
0.00219529
0.00413633
0.00124892
0.00131122
0.00460661
0.00333331
0.00199425
0.00253452
0.0016627
0.00148599
0.00274987
0.00283059
0.00178814
0.00151099
0.000591001
0.00206633
0.00434903
0.00301767
0.00481591
0.00115297
0.00120633
0.00265551
0.00139708
0.00442349
0.00423532
0.00430225
0.00510118
0.00369989
0.00179633
0.0015238
0.00117898
0.00261621
0.000949259
0.00245645
0.00378124
0.00170708
0.00209299
0.00598672
0.00665311
0.00125478
0.00612019
0.00101529
0.00299474
0.00301971
0.00438798
0.00272373
0.00173347
0.00247234
0.00336746
0.00451573
0.00121025
0.00091134
0.00131175
0.0030176
0.00457777
0.0024911
0.00368182
0.00335523
0.0031931
0.00257026
0.00383728
0.00180157
0.0034441
0.00422293
0.000572351
0.00125726
0.00492989
0.000978558
0.0036515
0.00146268
0.00559243
0.00492918
0.00304
0.00271398
0.00398014
0.00201723
0.00232802
0.00676362
0.00643994
0.00210657
0.00179041
0.00500866
0.00231707
0.00294271
0.00441043
0.0016817
0.00213352
0.00303427
0.00248785
0.00212005
0.0025728
0.00216519
0.00525947
0.0066768
0.0023585
0.000982526
0.00339538
0.00179781
0.0046151
0.00517829
0.00294707
0.00415281
0.00303404
0.000888198
0.00493709
0.00272259
0.00214582
0.00197392
0.00237095
0.00035459
0.00131984
0.00551846
0.00174334
0.003872
0.00507674
0.00160098
0.00509002
0.00266175
0.00179334
0.00443426
0.00109232
0.00166309
0.00180698
0.00340587
0.00403325
0.00121132
0.00739443
0.00151233
0.00224553
0.00135402
0.000715994
0.00144406
0.00246717
0.00210036
0.000112051
0.00795149
0.00273843
0.00153747
0.00316538
0.00682607
0.00641109
0.0023324
0.00082753
0.00280224
0.0036315
0.00116875
0.00206314
0.00496164
0.00384422
0.0012291
0.00333538
0.00122676
0.00140533
0.00252816
0.00328815
0.00110713
0.00151024
0.0027689
0.000874876
0.00239272
0.00260788
0.00273582
0.00303129
0.00180375
0.00271003
0.00153001
0.00232111
0.00198297
0.0039231
0.00546688
0.00177765
0.00221619
0.00293309
0.00338257
0.000690846
0.00143533
0.00331633
0.00135243
0.00145924
0.0014917
0.0019902
0.00187354
0.00180695
0.00149178
0.000885736
0.00305385
0.00357536
0.003822
0.00608476
0.0031036
0.000795354
0.0045493
0.0026928
0.00547916
0.000450567
0.000732211
0.000650908
0.00287624
0.00455595
0.00438687
0.00234336
0.00234981
0.0057303
0.00361133
0.00174865
0.00259621
0.00334636
0.00191441
0.000223254
0.0040267
0.00475414
0.00497405
0.00338459
0.00507427
0.00554332
0.00253576
0.00522408
0.00396644
0.00130589
0.000633606
0.0039133
0.00175629
0.00139709
0.00116907
0.00431892
0.00193525
0.00302626
0.000260914
0.00476471
0.00462535
0.00460093
0.00296414
0.00432383
0.00288208
0.00235164
0.00594318
0.00318439
0.00147378
0.00216375
0.00383034
0.00114181
0.00240887
0.000866486
0.00522304
0.00116269
0.00529836
0.000257083
0.00200919
0.00526851
0.00196819
0.0027596
0.0013429
0.00444803
0.000767158
0.0026647
0.00319286
0.00102253
0.00334459
0.00179102
0.00239735
0.00355805
0.00217697
0.000848675
0.00327932
0.000572561
0.00176623
0.00277708
0.00418101
0.00210581
0.00175483
0.00165304
0.00208151
0.00177328
0.00176063
0.00421848
0.00170739
0.002613
0.00180074
0.00159186
0.00130036
0.00111211
0.0047513
0.00424761
0.00447024
0.00368071
0.00288481
0.00523097
0.00270097
0.00232073
0.00375672
0.000764895
0.00261124
0.00231704
0.00202744
0.00548539
0.00256571
0.000927305
0.00557458
0.00206481
0.00125503
0.00100067
0.00137858
0.0022836
0.00376809
0.0014847
0.0017439
0.0020203
0.0041725
0.00415665
0.00446427
0.00422632
0.00318392
0.00224713
0.0016943
0.00243305
0.00149209
0.00477779
0.00570988
0.00153523
0.00549989
0.000269917
0.00578346
0.00200928
0.00262113
0.000737034
0.00106736
0.00106019
0.00342629
0.000432399
0.00237991
0.00268724
0.00104041
0.00197228
0.00250081
0.00150891
0.00156174
0.0053063
0.00101241
0.00268019
0.00272863
0.00485921
0.000863237
0.0009176
0.00525587
0.00203861
0.00347845
0.00104169
0.00326958
0.00214778
0.00792892
0.0020001
0.00151496
0.00277579
0.00149645
0.00229912
0.0026253
0.00434066
0.00429865
0.00332696
0.00226635
0.00134991
0.00245952
0.00426297
0.00206833
0.00132038
0.00172372
0.00283364
0.000927245
0.00258925
0.00115831
0.00484832
0.00419772
0.00106856
0.00446064
0.00337133
0.00157297
0.000682334
0.00277972
0.00292817
0.00299892
0.00131479
0.00228304
0.00310473
0.00126435
0.000742353
0.0016018
0.00135428
0.0054057
0.00236779
0.00113311
0.00107411
0.00264962
0.00190792
0.00195288
0.0034348
0.00416545
0.000888265
0.00170561
0.00348679
0.00136194
0.002876
0.00302243
0.000437858
0.00191844
0.001822
0.00329959
0.00207946
0.00564527
0.00488145
0.00341004
0.00236314
0.00351638
0.00335431
0.00129285
0.00484236
0.00157735
0.00167268
0.00311685
0.00463071
0.00599704
0.00568812
0.00333415
0.0039007
0.00194113
0.00282308
0.00218763
0.000988265
0.00101331
0.00386385
0.00141816
0.00334679
0.00273657
0.000898257
0.00399981
0.000982333
0.00175345
0.00334691
0.00433335
0.000797793
0.00161553
0.00417953
0.00118182
0.00234793
0.00598218
0.00183904
0.003364
0.00196523
0.00226414
0.00338074
0.00259007
0.0013291
0.00122413
0.00203157
0.00150463
0.0034423
0.00393685
0.00234941
0.00373177
0.00243156
0.00103595
0.00341006
0.00376891
0.0035342
0.00213711
0.00292904
0.00226418
0.00431962
0.00640055
0.00257364
0.000953035
0.0013131
0.00286604
0.00503944
0.0023041
0.00198504
0.00220221
0.001045
0.00188526
0.000779771
0.00171149
0.0011288
0.00301667
0.00712586
0.00327276
0.002316
0.00406555
0.00168254
0.00220567
0.0025966
0.00329663
0.00243138
0.0029959
0.00292889
0.00285653
0.00120509
0.00375694
0.00338159
0.0018984
0.00392583
0.0029334
0.00361536
0.00177435
0.000968008
0.00159009
0.00341056
0.00260222
0.00625955
0.00436145
0.00341636
0.00468101
0.001621
0.00108736
9.50289e-05
0.00216695
0.00231974
0.00214353
0.00375205
0.00198096
0.00251701
0.000791319
0.00243645
0.0042861
0.00280404
0.00196741
0.00272732
0.00222563
0.00256962
0.00567657
0.00341777
0.00128317
0.00206801
0.00264058
0.00544375
0.00230903
0.00249291
0.00305539
0.00261039
0.00242339
0.00378192
0.00270321
0.0011929
0.00259819
0.00116149
0.0017556
0.00255008
0.00761594
0.000415967
0.00385685
0.00220016
0.000334294
0.00460592
0.00240781
0.00332205
0.00360989
0.00171474
0.002412
0.00338575
0.00315564
0.00275576
0.0027445
0.00364195
0.00347824
0.00264361
0.00308888
0.00159946
0.00332474
0.002826
0.00145263
0.00164343
0.0018032
0.00315722
0.002897
0.00162352
0.00122584
0.00342045
0.00348489
0.00297756
0.00102983
0.00288717
0.000879566
0.0015917
0.00265577
0.00268645
0.000203406
0.00268165
0.000269235
0.00147988
0.00154637
0.0053218
0.00504443
0.00273048
0.00508469
0.00323507
0.00225467
0.00316162
0.00083973
0.00206252
0.0014829
0.000789092
0.00116803
0.000967926
0.0027092
0.00357453
0.00193192
0.002825
0.00265117
0.00153026
0.000414215
0.00140137
0.00339297
0.000994025
0.00371409
0.00105631
0.000507548
0.00185969
0.00545459
0.00654629
0.00218249
0.00269585
0.00210375
0.00192625
0.000992165
0.00107901
0.00289755
0.00391485
0.00236638
0.00472154
0.00558627
0.00199526
0.00162931
0.00142996
0.00219649
0.00388044
0.00240786
0.002401
0.00150763
0.00495472
0.00294512
0.00409997
0.00477418
0.00201999
0.00182819
0.00273459
0.0023992
0.00221795
0.00402607
0.00092349
0.00290125
0.00478814
0.000450005
0.00498999
0.00448228
0.00127248
0.00191095
0.00249817
0.00285431
0.00213084
0.000920586
0.00234576
0.00328192
0.00222951
0.00101949
0.00352243
0.00324601
0.00207365
0.00142932
0.0019218
0.00247054
0.00433597
0.00304204
0.0014403
0.00182746
0.00247906
0.0040514
0.000479555
0.00190065
0.00353109
0.00691485
0.00289497
0.00460923
0.0007792
0.00215872
0.00513115
0.00162071
0.000711572
0.00615249
0.0023546
0.00244856
0.00247036
0.0033114
0.00220558
0.00346177
0.00508938
0.00228365
0.00412588
0.00315989
0.000522131
0.00244826
0.00339002
0.00202192
0.00337571
0.00151411
0.00412685
0.0011083
0.0033511
0.00389338
0.000971364
0.00336592
0.00134391
0.00135581
0.00341327
0.00222844
0.000524309
0.00101345
0.00312753
0.00375863
0.00213739
0.00153899
0.00316995
0.00541901
0.00410416
0.00220309
0.00239202
0.00257204
0.000983335
0.00207174
0.00232303
0.00168257
0.00519401
0.00346139
0.00530249
0.00592925
0.0017879
0.00497558
0.00097959
0.00383324
0.00310267
0.00243357
0.00521767
0.00292123
0.00339827
0.00412144
0.00520036
0.00341491
0.00432523
0.00184431
0.00269915
0.00170341
0.00191222
0.000321253
0.00235093
0.00394207
0.0011628
0.00487267
0.00165049
0.00342866
0.00337687
0.00490193
0.00314332
0.00342659
0.00532889
0.0037366
0.00580908
0.00294147
0.00160151
0.00260864
0.00421265
0.00195859
0.00583715
0.00180678
0.00109827
0.000824259
0.00430293
0.00281146
0.00335562
0.00356578
0.00343017
0.000626251
0.00102248
0.00260241
0.00353785
0.000542901
0.00287093
0.0020849
0.00304836
0.00379164
0.00241255
0.0013903
0.00012578
0.00297231
0.00251564
0.00334203
0.00155224
0.00301191
0.00308225
0.0034578
0.00523623
0.0030071
0.00240373
0.00216088
0.00119582
0.00395286
0.0016237
0.00447704
0.00338137
0.00185141
0.00282466
0.00187086
0.000820157
0.00286491
0.00196626
0.00498053
0.00180559
0.00696865
0.00273967
0.00219354
0.00108493
0.00177626
0.00371545
0.000641464
0.00556901
0.00264504
0.00414313
0.00183364
0.0014776
0.00394158
0.00348027
0.00120101
0.00217587
0.00429704
0.00394163
0.003164
0.00143706
0.00236245
0.00255494
0.00442062
0.00303032
0.00323073
0.00357346
0.00304156
0.00313773
0.00376335
0.00159594
0.00308622
0.00385615
0.00595424
0.00107126
0.00428517
0.00213882
0.00256202
0.00148834
0.0025716
0.00308675
0.00409028
0.000535446
0.00227162
0.00332183
0.000504646
0.00426331
0.00361143
0.0017584
0.00285661
0.000896209
0.00239094
0.000774574
0.00410768
0.00173947
0.00196792
0.00270887
0.00301232
0.00263342
0.00139163
0.00311137
0.00317549
0.00314953
0.00175417
0.00251638
0.00160353
0.00461089
0.00563947
0.00275466
0.00332718
0.00419042
0.00351094
0.00516119
0.00452639
0.00185157
0.00463572
0.00233305
0.00403451
0.00551739
0.00209024
0.00258725
0.00402375
0.00239951
0.0046968
0.00181969
0.00185006
0.00172137
0.000762942
0.00285031
0.002096
0.00219052
0.00223221
0.00106317
0.0026964
0.00140624
0.00747488
0.00562484
0.00165556
0.000634566
0.00392395
0.00278613
0.00509612
0.0017694
0.0026833
0.00233251
0.00698476
0.00232347
0.00222509
0.00287073
0.00414282
0.0032683
0.000274282
0.000890969
0.00550394
0.00283839
0.00153836
0.00249276
0.00161638
0.0049692
0.00243813
0.0052261
0.00259139
0.00525091
0.00394863
0.00152054
0.00268599
0.00179935
0.00453257
0.00123582
0.00399037
0.00170036
0.002035
0.00219422
0.00415839
0.00468565
0.00224631
0.000512445
0.00275821
0.00296097
0.0042099
0.00154432
0.00324267
0.00147139
0.00283174
0.00288941
0.000538702
0.0031548
0.00143093
0.00349395
0.00116191
0.00528438
0.00320525
0.000932399
0.00509591
0.00159647
0.00170709
0.0030118
0.00274311
0.0025804
0.00113516
0.00654032
0.00272578
0.00706026
0.00336867
0.00556526
0.00644767
0.00285759
0.0014343
0.00333163
0.00242718
0.00319373
0.00321171
0.00312469
0.00190082
0.00437647
0.00281914
0.00356295
0.00119593
0.00282356
0.00127738
0.00132413
0.00377295
0.00178575
0.00335937
0.00298891
0.0010548
0.00277283
0.00253432
0.00275778
0.00449086
0.00175908
0.00122786
0.000960939
0.00073643
0.00293394
0.00601139
0.00268338
0.00674613
0.00623422
0.00218706
0.00103963
0.000935176
0.00362507
0.0018377
0.00543611
0.00287712
0.00407012
0.00275391
0.00549935
0.00679849
0.00390472
0.00253929
0.00432207
0.00122592
0.00393978
0.00302335
0.000966694
0.00414605
0.00163585
0.00235017
0.00154383
0.00323662
0.00349232
0.00487228
0.00117983
0.00127993
0.000226844
0.00161382
0.0030294
0.00108489
0.00151246
0.00109925
0.00238168
0.00387039
0.00209072
0.00304431
0.00473559
0.00284026
0.00258068
0.00394395
0.00639956
0.00423443
0.00314957
0.00111295
0.00059499
0.00806127
0.00372731
0.00349638
0.00313906
0.0043223
0.00164075
0.00461043
0.00134084
0.00498708
0.00231777
0.00603591
0.00184187
0.000450773
0.00197809
0.00114867
0.00111303
0.00476802
0.000662484
0.00108931
0.00247753
0.00240385
0.000710438
0.00207645
0.00339459
0.00218787
0.00506089
0.00177878
0.00385365
0.00155021
0.00569785
0.00175404
0.00329467
0.00180905
0.001362
0.00501189
0.00234545
0.00232881
0.00424913
0.00215615
0.00295276
0.00218199
0.00522396
0.00156062
0.00291032
0.00327266
0.00397928
0.0049336
0.00366372
0.00184607
0.00224849
0.00422273
0.00235493
0.00529281
0.00181241
0.00434794
0.00253154
0.00345989
0.00535282
0.00365481
0.00374643
0.00580569
0.00325111
0.00358874
0.00560676
0.00211112
0.00263836
0.00289115
0.00238155
0.00272556
0.003113
0.00219315
0.00343208
0.00705758
0.00287394
0.000767561
0.00294478
0.000683192
0.000465801
0.00194425
0.00300027
0.00236172
0.00507165
0.00365676
0.00241784
0.00282499
0.00204215
0.00448967
0.00070198
0.00286354
0.00474443
0.00214425
0.00196214
0.000673798
0.00153083
0.000445314
0.0055944
0.00262252
0.00527922
0.000949947
0.00107464
0.000680408
0.00304117
0.00190803
0.00449981
0.00536287
0.00224905
0.00189293
0.00390958
0.000677105
0.000836187
0.00206267
0.00438415
0.00125675
0.0029221
0.00165303
0.000442603
0.00328093
0.00232066
0.00485727
0.00171806
0.00261797
0.0029563
0.00283562
0.00299839
0.000465427
0.00542398
0.00057485
0.00430058
0.00468586
0.000885626
0.00209003
0.00294262
0.00657359
0.00324048
0.0043051
0.00323103
0.000995466
0.00175834
0.000950807
0.00184175
0.00220329
0.00292037
0.00391117
0.00104193
0.00265117
0.00117745
0.000922607
0.00263262
0.00213403
0.00678958
0.00330432
0.00507219
0.00331538
0.00163086
0.00561608
0.00111638
0.00215378
0.000720762
0.00389564
0.00128417
0.00451125
0.00350544
0.00477624
0.0034338
0.000359672
0.00452239
0.0035525
0.00304732
0.00364495
0.00136625
0.0022322
0.00689357
0.00297381
0.00219919
0.000773304
0.00194134
0.00148062
0.00140062
0.00404291
0.000136704
0.00431033
0.00523673
0.000570117
0.00526003
0.0017636
0.00380935
0.00339146
0.000610681
0.00115311
0.00177886
0.00169883
0.00338289
0.00364001
0.00613558
0.001296
0.00183277
0.00138227
0.00498897
0.00285733
0.000317762
0.00133509
0.00415242
0.0012173
0.00588156
0.0028859
0.0024454
0.000914246
0.00377253
0.00250713
0.00293578
0.00532186
0.00521143
0.00165926
0.00365178
0.000944842
0.00473871
0.00327536
0.00284821
0.00459924
0.00348627
0.00471542
0.00484091
0.0061372
0.00267192
0.00518909
0.00203989
0.00321447
0.00346495
0.00476997
0.000308631
0.00103603
0.00478398
0.0014629
0.00167052
0.0024128
0.00348085
0.00536948
0.000744585
0.00156619
0.00312321
0.00376622
0.000652333
0.0010299
0.00249377
0.000603927
0.00383151
0.0022992
0.00174583
0.00251044
0.00276648
0.00227905
0.00485397
0.000870513
0.00157554
0.00325184
0.000302611
0.00349784
0.0051476
0.00269113
0.00356294
0.00347759
0.00351039
0.00639826
0.0025782
0.00171356
0.0048788
0.00285555
0.00305758
0.00197439
0.00117616
0.00321611
0.00218572
0.00108897
0.00366331
0.000703866
0.000468727
0.00239544
0.00158256
0.00187115
0.00185627
0.000663832
0.00132058
0.000613725
0.00185333
0.00300842
0.00388117
0.00167371
0.00279428
0.00222548
0.00186012
0.00244382
0.000968843
0.00203607
0.00241105
0.0012821
0.00309414
0.00322866
0.00335341
0.00306883
0.000687962
0.00372956
0.00373115
0.0032209
0.00291953
0.00461044
0.00398603
0.00298665
0.00323601
0.00126779
0.0056839
0.000607566
0.00144622
0.000559919
0.00312861
0.00179346
0.00366939
0.00328325
0.00139478
0.000401236
0.00194399
0.00111478
0.00353274
0.000901291
0.00276394
0.00234201
0.00357504
0.00122394
0.000679284
0.00355473
0.00322507
0.00240459
0.00247397
0.00100324
0.00686919
0.000941367
0.00236628
0.00250263
0.00134952
0.00529555
0.00364769
0.00155865
0.00226362
0.00636017
0.00276197
0.00271702
0.00423413
0.00498153
0.000682394
0.00328465
0.0026085
0.00551007
0.00553267
0.0035257
0.000990955
0.00399706
0.00185586
0.00270002
0.00329926
0.00400204
0.000350185
0.00253617
0.00335502
0.0027487
0.00038424
0.00193258
0.00142607
0.00204221
0.00147382
0.00463708
0.00614284
0.00613366
0.00670762
0.00206424
0.00380782
0.00179276
0.00319093
0.00620208
0.00430619
0.00136148
0.00314511
0.00194313
0.00399013
0.00258347
0.00440063
0.00142714
0.0015125
0.00300859
0.00362622
0.00309396
0.000179746
0.00151489
0.000959361
0.00291921
0.00287737
0.00436067
0.00472403
0.00607738
0.00128138
0.00320779
0.0032987
0.00372061
0.00258316
0.00123846
0.00184672
0.00313572
0.00314582
0.0024552
0.00370868
0.00238715
0.00388277
0.00578354
0.00317896
0.00430137
0.00369369
0.00258763
0.00225604
0.00205456
0.00460866
0.00282274
0.00118071
0.00444404
0.00366436
0.00267687
0.00371329
0.000862799
0.0032155
0.00143791
0.00223402
0.00399639
0.00286498
0.00407277
0.00376888
0.00209824
0.00441231
0.00355632
0.0039308
0.00219938
0.00209773
0.00113455
0.00148325
0.0034623
0.00425139
0.00238991
0.00164239
0.00474265
0.000958005
0.00523594
0.000645914
0.00307393
0.00454975
0.00218631
0.00715208
0.00204814
0.00105533
0.00703399
0.00191383
0.000589556
0.00472011
0.000255375
0.00306465
0.00270555
0.00132036
0.000554159
0.000568349
0.00409382
0.00312375
0.00365027
0.00476087
0.00160599
0.00148444
0.00301687
0.00375028
0.0072283
0.00346441
0.000878179
0.00380494
0.00602311
0.00176262
0.00248532
0.00242688
0.00342871
0.00689672
0.00210036
0.00201737
0.000601799
0.0024365
0.002738
0.00322655
0.000927422
0.00305447
0.00147614
0.00479369
0.00180669
0.00190352
0.00170702
0.000416531
0.00245837
0.00151763
0.0015185
0.00268141
0.00399674
0.00316568
0.00220552
0.00213708
0.00254606
0.00200671
0.00135415
0.0023339
0.00454386
0.00224002
0.00151162
0.00341754
0.00430391
0.00218807
0.00308911
0.00282969
0.00268226
0.00286748
0.0019669
0.00282358
0.00159373
0.000345745
0.00186134
0.00170188
0.00403698
0.00106525
0.00194605
0.00285324
0.00246506
0.00504788
0.0012474
0.00146586
0.0039574
0.00408425
0.00539062
0.00225773
0.0033168
0.00152789
0.00496068
0.00494131
0.00229224
0.00246762
0.0017254
0.00109905
0.0038242
0.00170769
0.00121963
0.00515241
0.00314731
0.00319022
0.00592638
0.00410258
0.000837108
0.00201279
0.00183515
0.00140432
0.00511028
0.00415737
0.0031924
0.000664874
0.00226592
0.00102473
0.00192585
0.00149854
0.00333091
0.00428761
0.00205951
0.00154695
0.00163428
0.00145739
0.00208276
0.00133669
0.00290581
0.00239669
0.00115624
0.000682873
0.0013038
0.000411438
0.000953374
0.0027708
0.00171585
0.00474824
0.00523037
0.00250172
0.00393714
0.00260018
0.00216719
0.00184294
0.00104045
0.00131461
0.00361304
0.00057904
0.00354556
0.00131495
0.00298834
0.00223386
0.00190178
0.00147352
0.00147299
0.00116611
0.00246034
0.00244874
0.000458255
0.0012497
0.000933224
0.00163728
0.00210105
0.00222462
0.00294373
0.000403077
0.0025775
0.00158961
0.002908
0.000369078
0.00282108
0.00118013
0.00438373
0.00132244
0.00330805
0.00499069
0.00106758
0.00457902
0.00461191
0.00144867
0.000947086
0.00287815
0.00284814
0.00202011
0.00216689
0.00301991
0.00221161
0.00459587
0.00308246
0.00321302
0.0042598
0.00125338
0.00193188
0.00128235
0.00152571
0.00445969
0.000992746
0.000443081
0.000209394
0.0018939
0.00152936
0.00366695
0.00130066
0.00316985
0.0015057
0.00489316
0.0021883
0.000870416
0.00393388
0.00342757
0.00465647
0.00270424
0.000458152
0.00211672
0.0018158
0.00276233
0.00569417
0.00309636
0.00168379
0.00454402
0.00164276
0.00143977
0.00112682
0.0010231
0.00364076
0.00215644
0.0018658
0.00324448
0.00236704
0.00295201
0.00363145
0.0028009
0.00126985
0.0027136
7.68197e-05
0.00486517
0.000729
0.00313003
0.00102806
0.00279625
0.00082661
0.00244439
0.00303824
0.00276921
0.00252785
0.00468486
0.00511854
0.00405283
0.00224285
0.00192161
0.000509026
0.00326884
0.00333019
0.00393406
0.00286927
0.0027919
0.000367854
0.0025056
0.00120843
0.00246143
0.00769779
0.000958841
0.00390741
0.00253151
0.00202202
0.000716368
0.00323456
0.00488433
0.00444288
0.00199553
0.00383633
0.00444862
0.00187116
0.00568952
0.00187116
0.00444862
0.00383633
0.00199553
0.00444288
0.00488433
0.00323456
0.000716368
0.00202202
0.00253151
0.00390741
0.000958841
0.00769779
0.00246143
0.00120843
0.0025056
0.000367854
0.0027919
0.00286927
0.00393406
0.00333019
0.00326884
0.000509026
0.00192161
0.00224285
0.00405283
0.00511854
0.00468486
0.00252785
0.00276921
0.00303824
0.00244439
0.00082661
0.00279625
0.00102806
0.00313003
0.000729
0.00486517
7.68197e-05
0.0027136
0.00126985
0.0028009
0.00363145
0.00295201
0.00236704
0.00324448
0.0018658
0.00215644
0.00364076
0.0010231
0.00112682
0.00143977
0.00164276
0.00454402
0.00168379
0.00309636
0.00569417
0.00276233
0.0018158
0.00211672
0.000458152
0.00270424
0.00465647
0.00342757
0.00393388
0.000870416
0.0021883
0.00489316
0.0015057
0.00316985
0.00130066
0.00366695
0.00152936
0.0018939
0.000209394
0.000443081
0.000992746
0.00445969
0.00152571
0.00128235
0.00193188
0.00125338
0.0042598
0.00321302
0.00308246
0.00459587
0.00221161
0.00301991
0.00216689
0.00202011
0.00284814
0.00287815
0.000947086
0.00144867
0.00461191
0.00457902
0.00106758
0.00499069
0.00330805
0.00132244
0.00438373
0.00118013
0.00282108
0.000369078
0.002908
0.00158961
0.0025775
0.000403077
0.00294373
0.00222462
0.00210105
0.00163728
0.000933224
0.0012497
0.000458255
0.00244874
0.00246034
0.00116611
0.00147299
0.00147352
0.00190178
0.00223386
0.00298834
0.00131495
0.00354556
0.00057904
0.00361304
0.00131461
0.00104045
0.00184294
0.00216719
0.00260018
0.00393714
0.00250172
0.00523037
0.00474824
0.00171585
0.0027708
0.000953374
0.000411438
0.0013038
0.000682873
0.00115624
0.00239669
0.00290581
0.00133669
0.00208276
0.00145739
0.00163428
0.00154695
0.00205951
0.00428761
0.00333091
0.00149854
0.00192585
0.00102473
0.00226592
0.000664874
0.0031924
0.00415737
0.00511028
0.00140432
0.00183515
0.00201279
0.000837108
0.00410258
0.00592638
0.00319022
0.00314731
0.00515241
0.00121963
0.00170769
0.0038242
0.00109905
0.0017254
0.00246762
0.00229224
0.00494131
0.00496068
0.00152789
0.0033168
0.00225773
0.00539062
0.00408425
0.0039574
0.00146586
0.0012474
0.00504788
0.00246506
0.00285324
0.00194605
0.00106525
0.00403698
0.00170188
0.00186134
0.000345745
0.00159373
0.00282358
0.0019669
0.00286748
0.00268226
0.00282969
0.00308911
0.00218807
0.00430391
0.00341754
0.00151162
0.00224002
0.00454386
0.0023339
0.00135415
0.00200671
0.00254606
0.00213708
0.00220552
0.00316568
0.00399674
0.00268141
0.0015185
0.00151763
0.00245837
0.000416531
0.00170702
0.00190352
0.00180669
0.00479369
0.00147614
0.00305447
0.000927422
0.00322655
0.002738
0.0024365
0.000601799
0.00201737
0.00210036
0.00689672
0.00342871
0.00242688
0.00248532
0.00176262
0.00602311
0.00380494
0.000878179
0.00346441
0.0072283
0.00375028
0.00301687
0.00148444
0.00160599
0.00476087
0.00365027
0.00312375
0.00409382
0.000568349
0.000554159
0.00132036
0.00270555
0.00306465
0.000255375
0.00472011
0.000589556
0.00191383
0.00703399
0.00105533
0.00204814
0.00715208
0.00218631
0.00454975
0.00307393
0.000645914
0.00523594
0.000958005
0.00474265
0.00164239
0.00238991
0.00425139
0.0034623
0.00148325
0.00113455
0.00209773
0.00219938
0.0039308
0.00355632
0.00441231
0.00209824
0.00376888
0.00407277
0.00286498
0.00399639
0.00223402
0.00143791
0.0032155
0.000862799
0.00371329
0.00267687
0.00366436
0.00444404
0.00118071
0.00282274
0.00460866
0.00205456
0.00225604
0.00258763
0.00369369
0.00430137
0.00317896
0.00578354
0.00388277
0.00238715
0.00370868
0.0024552
0.00314582
0.00313572
0.00184672
0.00123846
0.00258316
0.00372061
0.0032987
0.00320779
0.00128138
0.00607738
0.00472403
0.00436067
0.00287737
0.00291921
0.000959361
0.00151489
0.000179746
0.00309396
0.00362622
0.00300859
0.0015125
0.00142714
0.00440063
0.00258347
0.00399013
0.00194313
0.00314511
0.00136148
0.00430619
0.00620208
0.00319093
0.00179276
0.00380782
0.00206424
0.00670762
0.00613366
0.00614284
0.00463708
0.00147382
0.00204221
0.00142607
0.00193258
0.00038424
0.0027487
0.00335502
0.00253617
0.000350185
0.00400204
0.00329926
0.00270002
0.00185586
0.00399706
0.000990955
0.0035257
0.00553267
0.00551007
0.0026085
0.00328465
0.000682394
0.00498153
0.00423413
0.00271702
0.00276197
0.00636017
0.00226362
0.00155865
0.00364769
0.00529555
0.00134952
0.00250263
0.00236628
0.000941367
0.00686919
0.00100324
0.00247397
0.00240459
0.00322507
0.00355473
0.000679284
0.00122394
0.00357504
0.00234201
0.00276394
0.000901291
0.00353274
0.00111478
0.00194399
0.000401236
0.00139478
0.00328325
0.00366939
0.00179346
0.00312861
0.000559919
0.00144622
0.000607566
0.0056839
0.00126779
0.00323601
0.00298665
0.00398603
0.00461044
0.00291953
0.0032209
0.00373115
0.00372956
0.000687962
0.00306883
0.00335341
0.00322866
0.00309414
0.0012821
0.00241105
0.00203607
0.000968843
0.00244382
0.00186012
0.00222548
0.00279428
0.00167371
0.00388117
0.00300842
0.00185333
0.000613725
0.00132058
0.000663832
0.00185627
0.00187115
0.00158256
0.00239544
0.000468727
0.000703866
0.00366331
0.00108897
0.00218572
0.00321611
0.00117616
0.00197439
0.00305758
0.00285555
0.0048788
0.00171356
0.0025782
0.00639826
0.00351039
0.00347759
0.00356294
0.00269113
0.0051476
0.00349784
0.000302611
0.00325184
0.00157554
0.000870513
0.00485397
0.00227905
0.00276648
0.00251044
0.00174583
0.0022992
0.00383151
0.000603927
0.00249377
0.0010299
0.000652333
0.00376622
0.00312321
0.00156619
0.000744585
0.00536948
0.00348085
0.0024128
0.00167052
0.0014629
0.00478398
0.00103603
0.000308631
0.00476997
0.00346495
0.00321447
0.00203989
0.00518909
0.00267192
0.0061372
0.00484091
0.00471542
0.00348627
0.00459924
0.00284821
0.00327536
0.00473871
0.000944842
0.00365178
0.00165926
0.00521143
0.00532186
0.00293578
0.00250713
0.00377253
0.000914246
0.0024454
0.0028859
0.00588156
0.0012173
0.00415242
0.00133509
0.000317762
0.00285733
0.00498897
0.00138227
0.00183277
0.001296
0.00613558
0.00364001
0.00338289
0.00169883
0.00177886
0.00115311
0.000610681
0.00339146
0.00380935
0.0017636
0.00526003
0.000570117
0.00523673
0.00431033
0.000136704
0.00404291
0.00140062
0.00148062
0.00194134
0.000773304
0.00219919
0.00297381
0.00689357
0.0022322
0.00136625
0.00364495
0.00304732
0.0035525
0.00452239
0.000359672
0.0034338
0.00477624
0.00350544
0.00451125
0.00128417
0.00389564
0.000720762
0.00215378
0.00111638
0.00561608
0.00163086
0.00331538
0.00507219
0.00330432
0.00678958
0.00213403
0.00263262
0.000922607
0.00117745
0.00265117
0.00104193
0.00391117
0.00292037
0.00220329
0.00184175
0.000950807
0.00175834
0.000995466
0.00323103
0.0043051
0.00324048
0.00657359
0.00294262
0.00209003
0.000885626
0.00468586
0.00430058
0.00057485
0.00542398
0.000465427
0.00299839
0.00283562
0.0029563
0.00261797
0.00171806
0.00485727
0.00232066
0.00328093
0.000442603
0.00165303
0.0029221
0.00125675
0.00438415
0.00206267
0.000836187
0.000677105
0.00390958
0.00189293
0.00224905
0.00536287
0.00449981
0.00190803
0.00304117
0.000680408
0.00107464
0.000949947
0.00527922
0.00262252
0.0055944
0.000445314
0.00153083
0.000673798
0.00196214
0.00214425
0.00474443
0.00286354
0.00070198
0.00448967
0.00204215
0.00282499
0.00241784
0.00365676
0.00507165
0.00236172
0.00300027
0.00194425
0.000465801
0.000683192
0.00294478
0.000767561
0.00287394
0.00705758
0.00343208
0.00219315
0.003113
0.00272556
0.00238155
0.00289115
0.00263836
0.00211112
0.00560676
0.00358874
0.00325111
0.00580569
0.00374643
0.00365481
0.00535282
0.00345989
0.00253154
0.00434794
0.00181241
0.00529281
0.00235493
0.00422273
0.00224849
0.00184607
0.00366372
0.0049336
0.00397928
0.00327266
0.00291032
0.00156062
0.00522396
0.00218199
0.00295276
0.00215615
0.00424913
0.00232881
0.00234545
0.00501189
0.001362
0.00180905
0.00329467
0.00175404
0.00569785
0.00155021
0.00385365
0.00177878
0.00506089
0.00218787
0.00339459
0.00207645
0.000710438
0.00240385
0.00247753
0.00108931
0.000662484
0.00476802
0.00111303
0.00114867
0.00197809
0.000450773
0.00184187
0.00603591
0.00231777
0.00498708
0.00134084
0.00461043
0.00164075
0.0043223
0.00313906
0.00349638
0.00372731
0.00806127
0.00059499
0.00111295
0.00314957
0.00423443
0.00639956
0.00394395
0.00258068
0.00284026
0.00473559
0.00304431
0.00209072
0.00387039
0.00238168
0.00109925
0.00151246
0.00108489
0.0030294
0.00161382
0.000226844
0.00127993
0.00117983
0.00487228
0.00349232
0.00323662
0.00154383
0.00235017
0.00163585
0.00414605
0.000966694
0.00302335
0.00393978
0.00122592
0.00432207
0.00253929
0.00390472
0.00679849
0.00549935
0.00275391
0.00407012
0.00287712
0.00543611
0.0018377
0.00362507
0.000935176
0.00103963
0.00218706
0.00623422
0.00674613
0.00268338
0.00601139
0.00293394
0.00073643
0.000960939
0.00122786
0.00175908
0.00449086
0.00275778
0.00253432
0.00277283
0.0010548
0.00298891
0.00335937
0.00178575
0.00377295
0.00132413
0.00127738
0.00282356
0.00119593
0.00356295
0.00281914
0.00437647
0.00190082
0.00312469
0.00321171
0.00319373
0.00242718
0.00333163
0.0014343
0.00285759
0.00644767
0.00556526
0.00336867
0.00706026
0.00272578
0.00654032
0.00113516
0.0025804
0.00274311
0.0030118
0.00170709
0.00159647
0.00509591
0.000932399
0.00320525
0.00528438
0.00116191
0.00349395
0.00143093
0.0031548
0.000538702
0.00288941
0.00283174
0.00147139
0.00324267
0.00154432
0.0042099
0.00296097
0.00275821
0.000512445
0.00224631
0.00468565
0.00415839
0.00219422
0.002035
0.00170036
0.00399037
0.00123582
0.00453257
0.00179935
0.00268599
0.00152054
0.00394863
0.00525091
0.00259139
0.0052261
0.00243813
0.0049692
0.00161638
0.00249276
0.00153836
0.00283839
0.00550394
0.000890969
0.000274282
0.0032683
0.00414282
0.00287073
0.00222509
0.00232347
0.00698476
0.00233251
0.0026833
0.0017694
0.00509612
0.00278613
0.00392395
0.000634566
0.00165556
0.00562484
0.00747488
0.00140624
0.0026964
0.00106317
0.00223221
0.00219052
0.002096
0.00285031
0.000762942
0.00172137
0.00185006
0.00181969
0.0046968
0.00239951
0.00402375
0.00258725
0.00209024
0.00551739
0.00403451
0.00233305
0.00463572
0.00185157
0.00452639
0.00516119
0.00351094
0.00419042
0.00332718
0.00275466
0.00563947
0.00461089
0.00160353
0.00251638
0.00175417
0.00314953
0.00317549
0.00311137
0.00139163
0.00263342
0.00301232
0.00270887
0.00196792
0.00173947
0.00410768
0.000774574
0.00239094
0.000896209
0.00285661
0.0017584
0.00361143
0.00426331
0.000504646
0.00332183
0.00227162
0.000535446
0.00409028
0.00308675
0.0025716
0.00148834
0.00256202
0.00213882
0.00428517
0.00107126
0.00595424
0.00385615
0.00308622
0.00159594
0.00376335
0.00313773
0.00304156
0.00357346
0.00323073
0.00303032
0.00442062
0.00255494
0.00236245
0.00143706
0.003164
0.00394163
0.00429704
0.00217587
0.00120101
0.00348027
0.00394158
0.0014776
0.00183364
0.00414313
0.00264504
0.00556901
0.000641464
0.00371545
0.00177626
0.00108493
0.00219354
0.00273967
0.00696865
0.00180559
0.00498053
0.00196626
0.00286491
0.000820157
0.00187086
0.00282466
0.00185141
0.00338137
0.00447704
0.0016237
0.00395286
0.00119582
0.00216088
0.00240373
0.0030071
0.00523623
0.0034578
0.00308225
0.00301191
0.00155224
0.00334203
0.00251564
0.00297231
0.00012578
0.0013903
0.00241255
0.00379164
0.00304836
0.0020849
0.00287093
0.000542901
0.00353785
0.00260241
0.00102248
0.000626251
0.00343017
0.00356578
0.00335562
0.00281146
0.00430293
0.000824259
0.00109827
0.00180678
0.00583715
0.00195859
0.00421265
0.00260864
0.00160151
0.00294147
0.00580908
0.0037366
0.00532889
0.00342659
0.00314332
0.00490193
0.00337687
0.00342866
0.00165049
0.00487267
0.0011628
0.00394207
0.00235093
0.000321253
0.00191222
0.00170341
0.00269915
0.00184431
0.00432523
0.00341491
0.00520036
0.00412144
0.00339827
0.00292123
0.00521767
0.00243357
0.00310267
0.00383324
0.00097959
0.00497558
0.0017879
0.00592925
0.00530249
0.00346139
0.00519401
0.00168257
0.00232303
0.00207174
0.000983335
0.00257204
0.00239202
0.00220309
0.00410416
0.00541901
0.00316995
0.00153899
0.00213739
0.00375863
0.00312753
0.00101345
0.000524309
0.00222844
0.00341327
0.00135581
0.00134391
0.00336592
0.000971364
0.00389338
0.0033511
0.0011083
0.00412685
0.00151411
0.00337571
0.00202192
0.00339002
0.00244826
0.000522131
0.00315989
0.00412588
0.00228365
0.00508938
0.00346177
0.00220558
0.0033114
0.00247036
0.00244856
0.0023546
0.00615249
0.000711572
0.00162071
0.00513115
0.00215872
0.0007792
0.00460923
0.00289497
0.00691485
0.00353109
0.00190065
0.000479555
0.0040514
0.00247906
0.00182746
0.0014403
0.00304204
0.00433597
0.00247054
0.0019218
0.00142932
0.00207365
0.00324601
0.00352243
0.00101949
0.00222951
0.00328192
0.00234576
0.000920586
0.00213084
0.00285431
0.00249817
0.00191095
0.00127248
0.00448228
0.00498999
0.000450005
0.00478814
0.00290125
0.00092349
0.00402607
0.00221795
0.0023992
0.00273459
0.00182819
0.00201999
0.00477418
0.00409997
0.00294512
0.00495472
0.00150763
0.002401
0.00240786
0.00388044
0.00219649
0.00142996
0.00162931
0.00199526
0.00558627
0.00472154
0.00236638
0.00391485
0.00289755
0.00107901
0.000992165
0.00192625
0.00210375
0.00269585
0.00218249
0.00654629
0.00545459
0.00185969
0.000507548
0.00105631
0.00371409
0.000994025
0.00339297
0.00140137
0.000414215
0.00153026
0.00265117
0.002825
0.00193192
0.00357453
0.0027092
0.000967926
0.00116803
0.000789092
0.0014829
0.00206252
0.00083973
0.00316162
0.00225467
0.00323507
0.00508469
0.00273048
0.00504443
0.0053218
0.00154637
0.00147988
0.000269235
0.00268165
0.000203406
0.00268645
0.00265577
0.0015917
0.000879566
0.00288717
0.00102983
0.00297756
0.00348489
0.00342045
0.00122584
0.00162352
0.002897
0.00315722
0.0018032
0.00164343
0.00145263
0.002826
0.00332474
0.00159946
0.00308888
0.00264361
0.00347824
0.00364195
0.0027445
0.00275576
0.00315564
0.00338575
0.002412
0.00171474
0.00360989
0.00332205
0.00240781
0.00460592
0.000334294
0.00220016
0.00385685
0.000415967
0.00761594
0.00255008
0.0017556
0.00116149
0.00259819
0.0011929
0.00270321
0.00378192
0.00242339
0.00261039
0.00305539
0.00249291
0.00230903
0.00544375
0.00264058
0.00206801
0.00128317
0.00341777
0.00567657
0.00256962
0.00222563
0.00272732
0.00196741
0.00280404
0.0042861
0.00243645
0.000791319
0.00251701
0.00198096
0.00375205
0.00214353
0.00231974
0.00216695
9.50289e-05
0.00108736
0.001621
0.00468101
0.00341636
0.00436145
0.00625955
0.00260222
0.00341056
0.00159009
0.000968008
0.00177435
0.00361536
0.0029334
0.00392583
0.0018984
0.00338159
0.00375694
0.00120509
0.00285653
0.00292889
0.0029959
0.00243138
0.00329663
0.0025966
0.00220567
0.00168254
0.00406555
0.002316
0.00327276
0.00712586
0.00301667
0.0011288
0.00171149
0.000779771
0.00188526
0.001045
0.00220221
0.00198504
0.0023041
0.00503944
0.00286604
0.0013131
0.000953035
0.00257364
0.00640055
0.00431962
0.00226418
0.00292904
0.00213711
0.0035342
0.00376891
0.00341006
0.00103595
0.00243156
0.00373177
0.00234941
0.00393685
0.0034423
0.00150463
0.00203157
0.00122413
0.0013291
0.00259007
0.00338074
0.00226414
0.00196523
0.003364
0.00183904
0.00598218
0.00234793
0.00118182
0.00417953
0.00161553
0.000797793
0.00433335
0.00334691
0.00175345
0.000982333
0.00399981
0.000898257
0.00273657
0.00334679
0.00141816
0.00386385
0.00101331
0.000988265
0.00218763
0.00282308
0.00194113
0.0039007
0.00333415
0.00568812
0.00599704
0.00463071
0.00311685
0.00167268
0.00157735
0.00484236
0.00129285
0.00335431
0.00351638
0.00236314
0.00341004
0.00488145
0.00564527
0.00207946
0.00329959
0.001822
0.00191844
0.000437858
0.00302243
0.002876
0.00136194
0.00348679
0.00170561
0.000888265
0.00416545
0.0034348
0.00195288
0.00190792
0.00264962
0.00107411
0.00113311
0.00236779
0.0054057
0.00135428
0.0016018
0.000742353
0.00126435
0.00310473
0.00228304
0.00131479
0.00299892
0.00292817
0.00277972
0.000682334
0.00157297
0.00337133
0.00446064
0.00106856
0.00419772
0.00484832
0.00115831
0.00258925
0.000927245
0.00283364
0.00172372
0.00132038
0.00206833
0.00426297
0.00245952
0.00134991
0.00226635
0.00332696
0.00429865
0.00434066
0.0026253
0.00229912
0.00149645
0.00277579
0.00151496
0.0020001
0.00792892
0.00214778
0.00326958
0.00104169
0.00347845
0.00203861
0.00525587
0.0009176
0.000863237
0.00485921
0.00272863
0.00268019
0.00101241
0.0053063
0.00156174
0.00150891
0.00250081
0.00197228
0.00104041
0.00268724
0.00237991
0.000432399
0.00342629
0.00106019
0.00106736
0.000737034
0.00262113
0.00200928
0.00578346
0.000269917
0.00549989
0.00153523
0.00570988
0.00477779
0.00149209
0.00243305
0.0016943
0.00224713
0.00318392
0.00422632
0.00446427
0.00415665
0.0041725
0.0020203
0.0017439
0.0014847
0.00376809
0.0022836
0.00137858
0.00100067
0.00125503
0.00206481
0.00557458
0.000927305
0.00256571
0.00548539
0.00202744
0.00231704
0.00261124
0.000764895
0.00375672
0.00232073
0.00270097
0.00523097
0.00288481
0.00368071
0.00447024
0.00424761
0.0047513
0.00111211
0.00130036
0.00159186
0.00180074
0.002613
0.00170739
0.00421848
0.00176063
0.00177328
0.00208151
0.00165304
0.00175483
0.00210581
0.00418101
0.00277708
0.00176623
0.000572561
0.00327932
0.000848675
0.00217697
0.00355805
0.00239735
0.00179102
0.00334459
0.00102253
0.00319286
0.0026647
0.000767158
0.00444803
0.0013429
0.0027596
0.00196819
0.00526851
0.00200919
0.000257083
0.00529836
0.00116269
0.00522304
0.000866486
0.00240887
0.00114181
0.00383034
0.00216375
0.00147378
0.00318439
0.00594318
0.00235164
0.00288208
0.00432383
0.00296414
0.00460093
0.00462535
0.00476471
0.000260914
0.00302626
0.00193525
0.00431892
0.00116907
0.00139709
0.00175629
0.0039133
0.000633606
0.00130589
0.00396644
0.00522408
0.00253576
0.00554332
0.00507427
0.00338459
0.00497405
0.00475414
0.0040267
0.000223254
0.00191441
0.00334636
0.00259621
0.00174865
0.00361133
0.0057303
0.00234981
0.00234336
0.00438687
0.00455595
0.00287624
0.000650908
0.000732211
0.000450567
0.00547916
0.0026928
0.0045493
0.000795354
0.0031036
0.00608476
0.003822
0.00357536
0.00305385
0.000885736
0.00149178
0.00180695
0.00187354
0.0019902
0.0014917
0.00145924
0.00135243
0.00331633
0.00143533
0.000690846
0.00338257
0.00293309
0.00221619
0.00177765
0.00546688
0.0039231
0.00198297
0.00232111
0.00153001
0.00271003
0.00180375
0.00303129
0.00273582
0.00260788
0.00239272
0.000874876
0.0027689
0.00151024
0.00110713
0.00328815
0.00252816
0.00140533
0.00122676
0.00333538
0.0012291
0.00384422
0.00496164
0.00206314
0.00116875
0.0036315
0.00280224
0.00082753
0.0023324
0.00641109
0.00682607
0.00316538
0.00153747
0.00273843
0.00795149
0.000112051
0.00210036
0.00246717
0.00144406
0.000715994
0.00135402
0.00224553
0.00151233
0.00739443
0.00121132
0.00403325
0.00340587
0.00180698
0.00166309
0.00109232
0.00443426
0.00179334
0.00266175
0.00509002
0.00160098
0.00507674
0.003872
0.00174334
0.00551846
0.00131984
0.00035459
0.00237095
0.00197392
0.00214582
0.00272259
0.00493709
0.000888198
0.00303404
0.00415281
0.00294707
0.00517829
0.0046151
0.00179781
0.00339538
0.000982526
0.0023585
0.0066768
0.00525947
0.00216519
0.0025728
0.00212005
0.00248785
0.00303427
0.00213352
0.0016817
0.00441043
0.00294271
0.00231707
0.00500866
0.00179041
0.00210657
0.00643994
0.00676362
0.00232802
0.00201723
0.00398014
0.00271398
0.00304
0.00492918
0.00559243
0.00146268
0.0036515
0.000978558
0.00492989
0.00125726
0.000572351
0.00422293
0.0034441
0.00180157
0.00383728
0.00257026
0.0031931
0.00335523
0.00368182
0.0024911
0.00457777
0.0030176
0.00131175
0.00091134
0.00121025
0.00451573
0.00336746
0.00247234
0.00173347
0.00272373
0.00438798
0.00301971
0.00299474
0.00101529
0.00612019
0.00125478
0.00665311
0.00598672
0.00209299
0.00170708
0.00378124
0.00245645
0.000949259
0.00261621
0.00117898
0.0015238
0.00179633
0.00369989
0.00510118
0.00430225
0.00423532
0.00442349
0.00139708
0.00265551
0.00120633
0.00115297
0.00481591
0.00301767
0.00434903
0.00206633
0.000591001
0.00151099
0.00178814
0.00283059
0.00274987
0.00148599
0.0016627
0.00253452
0.00199425
0.00333331
0.00460661
0.00131122
0.00124892
0.00413633
0.00219529
0.0025232
0.00249621
0.00425851
0.00314186
0.00576272
0.0054513
0.00431975
0.00111356
0.00343847
0.00461654
0.00262684
0.00180777
0.00483068
0.000110114
0.00655053
0.00329212
0.00421701
0.00346947
0.0023974
0.0043657
0.00332809
0.00165253
0.00170928
0.00248915
0.00363892
0.00183331
0.00294773
0.0016776
0.00572269
0.00108231
0.00117673
0.00151162
0.00505341
0.000826044
0.00217903
0.00248029
0.00236691
0.00161503
0.0019631
0.00352427
0.00583143
0.00416426
0.00290683
0.00254162
0.00241137
0.000772278
0.00378885
0.00319611
0.00258652
0.00275113
0.000288217
0.00223116
0.003043
0.0041198
0.00497841
0.00414875
0.00314984
0.000558894
0.00309251
0.00186559
0.00495486
0.00119065
0.00130051
0.00173262
0.00598304
0.00534281
0.00168207
0.0052412
0.00155642
0.00225809
0.00435451
0.00188835
0.000969088
0.00265132
0.00303967
0.00245971
0.00324007
0.00289905
0.0021051
0.0017172
0.00258595
0.00210225
0.00132221
0.00196926
0.000739876
0.00327674
0.00289682
0.00119479
0.00162034
0.00343283
0.00139053
0.00148339
0.00550074
0.0018874
0.00240738
0.00463973
0.00226617
0.0049496
0.00578698
0.00219192
0.000790877
0.00290116
0.00323127
0.00135089
0.00145006
0.00190567
0.0051129
0.00196417
0.00399412
0.00368441
0.0011592
0.000453206
0.00101937
0.00361234
0.0018866
0.00311323
0.000997013
0.000757086
0.00170612
0.0024581
0.00131046
0.00399195
0.00240567
0.00335526
0.000816939
0.00320779
0.00323736
0.00259319
0.00264491
0.00213953
0.00525709
0.00213762
0.00254286
0.000784124
0.00275444
0.00307533
0.00104743
0.00341014
0.00341038
0.00143886
0.00217007
0.00361124
0.00204983
0.000593809
0.00255573
0.00237169
0.00158748
0.00229998
0.00393334
0.00325932
0.00177902
0.00278244
0.0021642
0.0021739
0.00115075
0.00208578
0.00516572
0.000754898
0.00531894
0.00196761
0.00288523
0.00601762
0.00217874
0.00287581
0.0028329
0.00167685
0.00511656
0.00162732
0.00273511
0.00578126
0.00463132
0.00274564
0.00205882
0.00376724
0.003182
0.00118219
0.00612452
0.00178092
0.00185014
0.00375787
0.00341553
0.00241851
0.00294251
0.00170289
0.00282975
0.0034643
0.00021516
0.00383426
0.00234272
0.00359681
0.00866815
0.00328182
0.00311156
0.00189122
0.00210933
0.00132116
0.00441212
0.00119912
0.00125587
0.00244851
0.00142435
0.00253381
0.00296795
0.00258278
0.00140826
0.00352529
0.0036307
0.00208337
0.00203151
0.00163592
0.00190852
0.00219107
0.00246978
0.00322196
0.00205939
0.00282095
0.00251341
0.00121164
0.0063016
0.00260882
0.00247985
0.00485618
0.00455263
0.00357266
0.0029943
0.000425056
0.00318571
0.00261809
0.00299525
0.00321068
0.00312
0.0020616
0.00198808
0.00421698
0.00317046
0.000945617
0.000792151
0.00597566
0.00474764
0.00238229
0.0009554
0.00341519
0.00517968
0.00208238
0.00294266
0.00368555
0.00448163
0.00162075
0.0043382
0.00583161
0.00497097
0.00164762
0.00494023
0.0018449
0.00401339
0.000661472
0.00178389
0.00139608
0.00068904
0.00156805
0.00394793
0.0028242
0.00290649
0.00148244
0.00298668
0.00284105
0.0058324
0.00359078
0.00418651
0.00215896
0.00337649
0.00283718
0.000335658
