(32764.1,0)
(-0.35236,0.590254)
(0.0907639,-5.80983)
(-6.91269,-0.180647)
(-4.18265,1.43371)
(-5.63913,6.45858)
(7.05416,2.07816)
(6.57929,9.96946)
(3.04253,-4.95961)
(4.20873,-4.43857)
(0.389495,3.01095)
(5.3081,-2.69374)
(-3.33467,4.72592)
(7.6198,-2.70401)
(-3.17031,0.511825)
(-1.12529,-0.851512)
(-1.25895,2.56708)
(3.64488,0.249326)
(1.35447,0.0246928)
(-4.13076,-7.10603)
(-2.3814,-2.93342)
(-9.44514,3.62695)
(3.34649,0.43252)
(-10.0824,-1.41028)
(9.56218,-7.15563)
(-7.56818,-4.65395)
(1.44727,-2.98717)
(-2.86168,-8.72086)
(0.700503,7.51542)
(1.59017,5.81298)
(4.22252,0.59844)
(10.5885,0.642223)
(-5.15199,-4.73047)
(-1.88873,0.511095)
(-0.49982,-4.85327)
(-7.76188,-5.85605)
(-9.91822,7.16945)
(-1.21817,1.07144)
(-1.91728,-0.27303)
(2.02125,-6.17049)
(8.33096,2.27645)
(-3.4111,-2.2231)
(-4.17515,0.628338)
(3.57521,5.29594)
(0.90481,-6.51292)
(5.12606,-3.36937)
(2.91633,4.49938)
(-3.17137,5.70171)
(-0.378857,-0.783748)
(-2.83382,-5.43828)
(-7.29716,-0.535842)
(-9.28949,0.799028)
(-3.88588,9.15489)
(-0.542732,5.04965)
(-2.48952,-4.72742)
(9.30972,8.93787)
(2.3822,0.69474)
(3.76396,-3.51125)
(4.91732,-3.03272)
(2.64642,3.28402)
(-0.354372,-6.58906)
(-0.975789,4.9631)
(-0.938062,4.38816)
(3.71997,-1.19976)
(1.53517,2.97794)
(-4.14515,0.357564)
(-4.16588,-0.922231)
(4.40232,5.99241)
(-5.83424,-4.25288)
(-1.61389,2.39028)
(3.2785,-4.15099)
(5.17106,-3.19476)
(-3.54956,-3.78535)
(-2.5966,1.32927)
(-3.96507,3.06986)
(1.8353,1.80194)
(-2.18341,-1.12412)
(8.21337,3.76699)
(-1.76396,-2.05169)
(0.39723,4.3016)
(2.45039,-2.99958)
(1.89558,6.08402)
(4.42252,-5.06117)
(-3.74773,-17.3523)
(6.72519,3.0056)
(-3.93036,-2.75174)
(7.07881,-3.39901)
(-0.405538,0.172361)
(-6.55016,-2.72635)
(-5.1168,2.72107)
(-1.54866,-3.12482)
(5.77791,-1.71223)
(-2.46301,4.29732)
(-3.71771,-5.92525)
(-5.17498,5.69646)
(-3.77782,0.291855)
(3.50011,1.02575)
(-11.9738,3.73555)
(0.610522,2.34289)
(3.6311,-5.41136)
(7.52923,1.68426)
(3.73391,1.95871)
(-0.962749,5.54003)
(5.19051,7.93868)
(-2.42623,11.5888)
(5.50756,-1.02159)
(2.34919,-2.36401)
(9.28698,-4.8534)
(1.25148,3.19803)
(2.3455,5.30654)
(4.3351,-3.98685)
(-4.29005,1.22697)
(7.31077,-9.92147)
(-4.88595,3.32314)
(2.73521,2.9592)
(-3.40506,10.3473)
(-0.563375,-1.43973)
(8.26023,6.61)
(-4.26413,0.253829)
(-1.83843,-1.47457)
(-4.4109,-0.604696)
(1.74222,4.07552)
(-2.14576,-5.279)
(-3.32517,-1.48928)
(3.59945,5.62146)
(6.66969,-4.51728)
(3.28628,-3.37459)
(-1.71889,2.75961)
(-4.6784,1.30586)
(4.59677,2.50317)
(0.677418,1.00998)
(-1.40118,-3.95731)
(6.38376,3.73441)
(3.84109,-2.23559)
(1.16979,2.70465)
(6.46982,-2.63136)
(-6.4254,2.73678)
(-2.08442,0.506798)
(6.0458,-1.76538)
(2.48119,5.06612)
(1.22239,-1.04145)
(5.1734,0.597317)
(-1.6594,4.05115)
(-10.1377,3.62555)
(-4.08864,1.57568)
(-1.0049,5.32275)
(-3.10272,-4.31024)
(2.56022,-6.11585)
(3.12244,5.78009)
(-1.5377,-0.659327)
(-0.0853319,6.87105)
(-4.81049,-1.06432)
(-7.04845,4.14224)
(-0.774203,2.56973)
(-1.15368,4.90021)
(-1.0925,3.31896)
(-0.934169,-1.2375)
(-0.901381,1.83216)
(5.67864,-2.89914)
(-3.75671,-0.903213)
(3.0235,6.75203)
(1.88313,0.90123)
(0.119355,0.92046)
(2.13997,1.02791)
(0.689259,7.51413)
(-4.44526,6.86668)
(-2.06636,3.45133)
(-6.75896,-7.99769)
(-3.34961,-2.00301)
(-0.766696,2.86904)
(-2.05288,-1.85468)
(-4.68142,4.67734)
(-0.171366,5.9391)
(1.61701,0.0936199)
(1.7886,4.11733)
(-8.39149,8.36938)
(-5.30429,8.63821)
(-3.13566,3.42164)
(8.6025,4.03587)
(0.113967,-4.92899)
(-3.68244,-1.17509)
(-6.73981,-9.02701)
(-1.43189,2.67937)
(2.27752,1.70966)
(-1.71183,-6.81885)
(-2.94908,-1.52155)
(1.63581,1.81979)
(4.14078,-4.24862)
(0.522818,-6.69036)
(1.20398,-0.920038)
(-3.63541,1.74622)
(-0.692298,2.6179)
(-2.89338,-3.18824)
(-0.413289,5.27988)
(-3.36327,1.02781)
(-4.24126,0.773658)
(0.362628,-5.92617)
(-5.89613,3.04429)
(0.806518,-4.9725)
(-4.92108,-3.81271)
(3.98786,3.68523)
(-1.6992,1.02554)
(1.39006,-3.60888)
(3.7337,-8.09881)
(-2.01583,4.16209)
(-3.11013,-0.698243)
(-6.04404,8.87062)
(-2.70869,-2.12843)
(9.86593,-4.73205)
(3.26012,11.8116)
(0.601171,-3.49711)
(1.6946,2.05482)
(2.30188,0.804614)
(-9.94321,-2.02618)
(-1.67032,-3.43628)
(-0.198517,6.33034)
(0.167373,-1.13231)
(-0.0852271,-6.45031)
(0.958445,8.44241)
(2.62608,-9.85178)
(-5.56647,-6.34059)
(-5.63834,-2.65475)
(3.41595,-3.03493)
(0.209806,-0.551723)
(0.965404,5.55098)
(1.52316,5.07348)
(-6.10554,2.3596)
(-4.80078,6.09618)
(1.58126,-0.0337761)
(4.91688,0.461348)
(2.49714,-4.56713)
(3.67856,-4.68067)
(-8.5251,-0.237227)
(5.57621,-10.561)
(6.7504,-2.55485)
(-1.22074,3.83061)
(1.36177,3.01424)
(-4.83533,0.342281)
(3.43233,-3.74456)
(-3.96741,2.04325)
(0.294902,-1.66584)
(2.5771,-10.0234)
(-2.18227,-2.19583)
(-0.966281,-2.20773)
(-2.17066,-0.448849)
(-10.22,5.73678)
(-1.8799,-2.87578)
(-5.82641,-1.58045)
(1.13148,3.58007)
(6.87479,-2.877)
(3.61031,-3.59902)
(-0.0113849,-3.50058)
(3.38339,0.0815377)
(-3.54132,-5.82374)
(7.7953,-4.37882)
(-4.218,-2.51305)
(-0.302683,-7.09903)
(-8.08133,3.04633)
(2.8131,6.12737)
(-5.29833,12.3249)
(-0.191575,0.118977)
(-9.89226,-0.1392)
(3.66666,-0.512542)
(4.95384,-2.09797)
(8.41651,-4.30735)
(6.93437,1.22644)
(0.133991,-2.27663)
(-8.70475,-1.57921)
(8.36322,7.39577)
(11.6961,-1.57805)
(-6.28613,-1.37397)
(-5.75049,6.55708)
(3.46424,-3.75953)
(5.13789,-0.552483)
(0.265619,-4.4881)
(3.15277,-7.86266)
(1.4328,2.11881)
(2.2747,1.42725)
(6.87572,-6.45997)
(-4.69793,4.95299)
(3.88051,-1.2738)
(1.27171,-5.0325)
(-0.105344,-3.40358)
(-2.16208,2.14176)
(3.47862,-4.42896)
(-5.64026,1.33916)
(0.494769,-3.62853)
(1.00105,-2.92812)
(-1.08098,-0.544505)
(3.66638,-2.11335)
(-2.72263,-8.48047)
(4.98921,-3.64725)
(-7.4375,-6.4778)
(1.09197,2.09362)
(1.32454,2.0855)
(-2.13446,5.00213)
(2.72211,0.881267)
(-4.35705,-7.94274)
(-8.63034,0.868597)
(-1.23027,-8.7247)
(-10.3775,1.20508)
(-6.90528,3.11989)
(2.87713,-2.29268)
(-3.08312,-0.483111)
(1.95814,-1.41269)
(1.88251,-5.0164)
(0.0944658,1.94179)
(-3.57237,3.5422)
(4.84032,6.04488)
(-3.43293,-0.661626)
(-1.38574,-4.05627)
(11.3052,-4.74544)
(-10.5395,8.63564)
(-1.39198,2.16013)
(3.04409,12.1589)
(2.07124,-0.182979)
(5.33812,3.02009)
(-3.64778,4.99401)
(8.4898,2.9465)
(5.51858,-0.813386)
(-2.24491,2.75025)
(4.61405,2.08519)
(1.29876,6.77317)
(-5.79327,7.20884)
(-0.979417,2.27687)
(1.86064,-0.146857)
(2.14431,-1.61835)
(0.608535,6.15)
(9.35363,0.636716)
(-2.81963,4.25179)
(3.71666,-6.56075)
(-6.42318,-2.44141)
(-2.27929,6.12939)
(4.11821,-3.27856)
(4.1435,-6.67768)
(-0.667125,3.6288)
(-5.53903,-4.36706)
(8.00168,-3.28188)
(-0.298351,1.13357)
(2.06881,1.53295)
(-9.58698,-3.16657)
(2.00347,0.0497555)
(1.50696,-7.32487)
(2.83733,0.960699)
(6.46718,-9.4527)
(8.19407,-5.89624)
(-5.61012,-2.69974)
(3.0752,-4.63003)
(-0.395675,-8.14172)
(-2.28127,3.44432)
(-1.77352,-4.42565)
(13.8245,0.870219)
(-12.5017,4.20198)
(0.625768,4.26863)
(-0.532625,-3.62788)
(-10.2443,-0.52526)
(0.756492,4.68468)
(-0.69636,5.9863)
(1.96269,8.81674)
(3.42573,0.355474)
(1.79339,-3.98444)
(-4.27802,4.50718)
(5.03671,0.769249)
(1.91466,3.89691)
(5.15264,-1.1017)
(3.41997,-2.82257)
(0.519887,-10.7588)
(13.2057,-3.54825)
(-4.34698,-2.10586)
(-1.42276,1.42294)
(6.00161,3.51214)
(3.28334,-1.6662)
(-0.810057,-9.41695)
(-10.5539,-1.04109)
(5.26437,2.95212)
(1.49784,8.37202)
(3.35975,5.22707)
(1.41085,-1.1482)
(5.07241,8.74678)
(4.57285,3.19051)
(3.39146,-2.79478)
(-3.04242,2.66199)
(-3.27903,-3.58131)
(0.634257,-0.353674)
(0.190955,-2.69628)
(-9.95149,-5.3571)
(1.13291,3.38585)
(-2.34499,-7.5752)
(-9.90738,-3.15351)
(2.95766,1.4152)
(9.2588,-4.78976)
(5.15069,-1.78513)
(-1.51014,3.34793)
(8.308,-3.66721)
(0.256338,-2.22235)
(3.36205,-0.545433)
(-3.69124,0.264431)
(-6.96565,-0.365294)
(8.17786,1.16271)
(0.608556,2.40498)
(-7.81228,-12.9731)
(-2.31023,2.06296)
(-1.91092,4.18304)
(-2.33435,1.49684)
(0.788622,-1.23623)
(-0.67173,2.88013)
(0.0554659,-5.05247)
(4.16139,1.08905)
(-0.0800758,0.215056)
(7.7909,14.3001)
(4.0949,-3.83209)
(-2.92056,1.1768)
(-6.40528,-0.998835)
(-13.8367,1.9954)
(-13.1235,0.409524)
(4.74024,-0.589449)
(-0.810897,-1.4882)
(-2.25987,-5.27531)
(0.244906,7.43327)
(1.83313,1.53916)
(4.02778,-1.27684)
(-4.34845,-9.18399)
(-7.86108,0.432399)
(-0.67538,-2.42489)
(-6.82073,-0.371932)
(-1.79428,-1.75862)
(-2.796,-0.682632)
(-2.649,-4.4487)
(6.65029,-1.0593)
(-2.13232,-0.770959)
(-0.201631,-3.08639)
(4.27016,-3.73129)
(-1.21164,-1.31995)
(-1.24521,-4.73945)
(-3.58417,3.95972)
(-3.53856,4.34415)
(2.30636,5.76377)
(2.0307,3.08585)
(3.79259,4.05219)
(-1.83482,2.54007)
(3.20993,-3.5062)
(0.543032,4.02466)
(7.57686,2.67295)
(-11.1649,-0.836189)
(-0.0809784,-3.63972)
(-3.50466,-2.88403)
(-1.43966,-5.8319)
(-6.89938,0.623564)
(0.906357,1.08643)
(-0.683378,-2.85901)
(-2.36466,6.3669)
(-1.54186,-2.30094)
(2.92828,0.597026)
(1.44375,-2.69233)
(-2.31239,-3.35649)
(-1.11806,-3.67051)
(-2.3059,-2.89438)
(-2.85164,1.09644)
(-1.47938,1.04976)
(4.95149,3.82085)
(5.01707,5.33345)
(4.58257,6.34578)
(6.14373,10.8418)
(-5.76348,2.68016)
(-1.5641,0.454804)
(9.08319,-2.07401)
(-4.68021,2.91707)
(5.6622,9.68801)
(-0.552871,0.738797)
(1.38974,0.563318)
(-0.505543,1.23348)
(-5.61506,1.78031)
(-2.30315,-9.04187)
(-6.87365,5.78539)
(4.79893,-0.0505604)
(4.10783,-2.50697)
(1.73965,-11.606)
(6.99954,2.38902)
(-1.64269,3.18227)
(3.87769,-3.63792)
(-4.72801,4.96127)
(3.69221,1.31892)
(-0.452018,-0.0687996)
(6.45966,5.12644)
(3.39166,9.12664)
(-7.99394,-6.3142)
(6.49861,-2.41158)
(-7.35006,7.34661)
(7.26161,8.72659)
(4.9222,1.65575)
(7.67104,-7.458)
(-4.91933,-6.46434)
(-2.67101,0.135723)
(-1.07469,-0.727239)
(4.70116,6.49079)
(-1.77365,-3.12917)
(0.183352,-2.85536)
(0.995712,2.17739)
(7.92582,3.92656)
(-1.65534,-3.60114)
(4.19567,4.56168)
(0.241413,-0.476708)
(-9.71789,-0.885115)
(4.64407,-8.25622)
(-4.35385,-8.3565)
(-4.22174,-4.36217)
(-7.02773,5.38753)
(5.68471,1.58861)
(0.781569,-4.75232)
(8.85099,8.35514)
(-4.88768,-4.31765)
(0.516298,2.97381)
(3.06173,-3.20356)
(6.28704,4.69146)
(1.6837,1.62278)
(-4.77296,-1.24773)
(1.27473,1.23456)
(-7.32308,-7.79704)
(1.8404,1.51095)
(-6.26491,8.8598)
(0.456009,-0.263184)
(2.4317,3.31941)
(-1.0278,-10.7408)
(0.39073,-4.01187)
(3.95884,4.03346)
(-2.65942,-0.701017)
(-6.35737,-6.52443)
(-0.0247864,1.57094)
(-2.99683,4.56084)
(-6.52525,-0.42358)
(0.229878,2.08149)
(5.75657,-3.71222)
(-3.36169,1.46739)
(4.31953,-2.33397)
(2.31785,-6.90842)
(2.43561,3.73435)
(1.33129,-1.11741)
(-5.75507,3.46186)
(-0.336985,1.12314)
(-3.44039,-1.11717)
(3.115,-4.75857)
(-1.39466,-8.44837)
(-3.79731,2.04448)
(-3.33238,-1.34587)
(2.70357,-2.0376)
(-3.01779,-3.01091)
(1.27174,3.40172)
(3.15754,1.74114)
(8.63309,0.331314)
(2.87656,1.98813)
(3.04194,4.40276)
(3.53662,-1.04551)
(3.19851,0.630855)
(-2.17564,1.53586)
(-0.794738,2.13444)
(9.20823,-3.14554)
(-1.52299,8.56475)
(-5.90097,-6.99954)
(-4.24149,-6.23158)
(-5.87689,0.606484)
(-7.73719,7.40977)
(-4.39342,3.36098)
(-4.02746,2.52373)
(6.15455,-4.61688)
(0.599601,-1.44721)
(-4.484,2.91426)
(2.31916,-4.13997)
(3.40909,-2.37042)
(4.59704,10.2505)
(5.12774,1.14759)
(-1.49361,1.17295)
(-11.4051,0.514605)
(-3.90048,-1.63352)
(2.25831,1.2274)
(1.59127,-1.29142)
(0.831055,-2.69824)
(4.64947,0.505076)
(-2.24478,7.38334)
(2.68932,1.41886)
(3.43519,-0.977277)
(-1.49233,-3.85908)
(2.57571,8.14785)
(-8.46058,0.941607)
(8.95601,-1.8388)
(3.56552,7.887)
(-3.52811,5.48376)
(-4.22063,1.83463)
(-2.0575,-2.79411)
(4.26635,2.57436)
(-2.14105,-2.18034)
(5.21877,8.27702)
(8.00931,8.52036)
(2.7508,1.52274)
(-8.84978,-6.96806)
(0.144622,0.533537)
(-1.92087,-11.6877)
(0.629529,-4.06656)
(3.22405,-4.29206)
(-0.100802,1.50608)
(1.07899,-1.9011)
(-0.347701,-2.14324)
(1.44154,-6.86738)
(-0.523554,-0.714209)
(1.64934,-4.58652)
(2.1233,-5.07738)
(0.549347,-2.05872)
(-3.93065,0.930263)
(-2.56984,-4.43026)
(1.42439,2.74241)
(3.19769,-0.0689374)
(8.08114,-7.26592)
(-0.774563,-1.9233)
(-3.14669,4.49754)
(-4.85779,2.76229)
(-3.59122,-9.28109)
(-1.12156,1.3666)
(-1.06694,1.547)
(-10.5416,-2.17706)
(-4.10797,-0.745543)
(-6.70352,-2.4109)
(-1.07888,1.84047)
(-6.49586,1.62526)
(-3.11009,3.11056)
(-13.4983,9.02674)
(-3.74055,-1.66946)
(-2.28281,2.10123)
(5.33433,1.96522)
(-1.50709,-2.66856)
(-4.00144,-2.48181)
(3.70903,-3.89244)
(-8.74408,1.60226)
(8.0987,-3.45182)
(-3.77549,-5.67195)
(4.64106,0.063207)
(-0.0186058,-2.76454)
(5.03153,-0.236851)
(6.77585,-5.5055)
(-4.23077,-0.209037)
(0.97582,2.52192)
(3.01067,1.8434)
(-4.5832,3.55984)
(1.74496,-0.749205)
(2.77864,-4.51649)
(-1.64684,-1.70745)
(-4.92105,8.62412)
(6.46775,-5.66351)
(1.2493,1.79677)
(-3.09827,-8.59395)
(6.88562,-0.509958)
(-0.889601,-3.09618)
(-0.0909001,1.39446)
(4.93468,2.83863)
(5.99574,0.117594)
(5.76598,2.11542)
(-2.26322,-1.45891)
(-4.25798,1.93172)
(-5.96125,-2.21217)
(-0.910057,2.42419)
(-1.35777,-0.684032)
(1.23935,-3.03736)
(2.75585,-0.313)
(-10.7201,2.76462)
(4.8324,0.403704)
(-2.20667,0.71821)
(1.51054,1.59916)
(-2.21628,4.95321)
(-2.70486,-2.81985)
(-0.0425354,3.99927)
(5.2814,4.64655)
(7.90049,-3.21828)
(-1.78914,-0.329178)
(1.85297,2.96111)
(-4.13245,-5.82375)
(-0.522556,-2.73987)
(5.19265,2.78011)
(6.09276,-1.09254)
(0.793661,0.417412)
(-3.89041,-0.549058)
(2.65117,2.62586)
(4.2841,-5.22601)
(4.25775,-0.0909789)
(5.63102,10.0975)
(2.1161,-9.77068)
(-6.79577,-1.60951)
(0.135833,-4.8378)
(1.39343,7.06545)
(-3.99688,-5.5872)
(2.07241,1.64795)
(-6.31378,7.64763)
(0.630879,3.16822)
(-2.73916,-2.05719)
(-0.891329,-6.32076)
(0.185255,-9.48189)
(-5.84901,-10.7998)
(7.11303,-9.22553)
(-3.24693,-6.00697)
(-5.58031,5.71652)
(-3.92339,0.64109)
(5.10082,-2.722)
(-2.85046,-3.45655)
(-1.20145,-1.62879)
(1.55722,-1.37177)
(-7.75733,1.5627)
(-2.85803,-0.516848)
(1.53773,-6.67951)
(4.56023,-3.25802)
(0.616328,1.73331)
(-4.04544,7.12299)
(1.99539,0.256584)
(-2.20492,-2.83443)
(-5.64286,3.89128)
(2.70748,-8.45161)
(-1.01725,1.27858)
(-2.06785,-2.5828)
(-0.787301,8.52338)
(-0.560954,-2.35446)
(-4.78539,-0.471446)
(9.67147,7.52077)
(-2.45089,2.85981)
(6.79278,1.1502)
(-3.90844,0.96079)
(4.6227,-0.363389)
(-1.76274,-6.6956)
(0.188781,5.3011)
(-2.69542,-0.379468)
(2.33883,-0.902779)
(4.02851,-1.04031)
(2.99777,0.713324)
(3.27856,-6.24109)
(3.56326,7.23255)
(0.245221,-4.80533)
(1.19683,-7.54836)
(4.88341,0.975224)
(-0.276679,-2.10351)
(-6.95683,0.613095)
(6.08305,4.75135)
(7.23773,-0.0673642)
(4.35951,0.388765)
(5.78262,1.5954)
(-1.64946,4.33376)
(-7.71203,-4.33434)
(-12.7839,-2.8983)
(-5.27069,-0.0354718)
(-0.930175,1.71591)
(-1.29544,-2.35664)
(-2.49927,5.31096)
(10.2851,0.857866)
(0.336102,4.70682)
(0.67121,4.00956)
(-3.57804,2.74571)
(-1.81475,1.13447)
(-0.0689703,3.86039)
(0.478331,-1.52365)
(2.72027,-2.21045)
(-1.40528,-1.83562)
(6.16146,0.453802)
(-5.49555,-13.5195)
(6.53043,1.50945)
(-3.06053,3.62364)
(-3.83314,7.39144)
(1.45829,3.12204)
(-0.18134,4.51357)
(-0.0211459,5.3178)
(6.74836,0.206202)
(4.86501,-1.06152)
(6.13188,0.213957)
(-4.95701,3.37764)
(-5.82117,-0.581848)
(-1.80857,1.67936)
(6.97274,-3.25297)
(-2.9492,-6.26617)
(-2.3472,3.09945)
(-4.5256,6.64547)
(6.00385,-0.212632)
(6.9715,-2.49426)
(-3.57437,-0.654818)
(-1.71216,-0.999366)
(-0.00563909,-3.25649)
(-3.08143,6.26838)
(4.54511,-2.78278)
(7.31814,-10.5255)
(-5.71238,6.86687)
(0.202063,-6.99378)
(9.57467,-0.480457)
(-2.42854,2.26347)
(-0.365094,-2.19679)
(0.189646,0.0437135)
(4.43269,0.21517)
(-2.32516,-4.14295)
(2.51821,3.59586)
(7.476,-1.77664)
(-3.73898,1.5746)
(5.0754,0.901547)
(-1.18271,1.10798)
(2.13261,4.51116)
(2.6122,-8.38024)
(-1.49387,5.54498)
(-3.52852,-1.94538)
(-3.83811,4.05799)
(-4.54512,0.343667)
(4.34598,-2.96771)
(8.51069,7.91978)
(-5.85236,-3.83983)
(2.11984,-1.55316)
(-3.92562,-1.58969)
(3.24221,4.32824)
(-1.48176,-11.0499)
(-4.69501,0.564986)
(-3.76018,3.45356)
(2.93323,5.52736)
(1.32478,5.17934)
(-4.13683,2.7421)
(-6.8479,3.61899)
(4.65158,-3.00201)
(-0.585825,2.37178)
(-4.10577,-3.38476)
(-1.98726,1.30736)
(0.854289,-3.4925)
(-2.88613,4.35264)
(13.5776,-7.67644)
(0.682355,0.510027)
(0.709818,7.86686)
(-3.28976,-3.07911)
(-0.387282,0.564568)
(8.45701,-4.1784)
(2.84044,4.03095)
(5.43366,-4.09436)
(1.36749,-7.26548)
(-2.17112,2.76024)
(3.97688,-2.93015)
(6.93371,0.0653326)
(-0.000985595,-6.46276)
(4.55985,-3.3257)
(0.351529,5.60973)
(0.519948,7.44056)
(-4.20549,5.74953)
(-4.80787,-2.48936)
(1.25556,6.20018)
(2.22996,-2.39947)
(-6.78917,0.520081)
(-4.58019,3.53819)
(2.58945,1.46467)
(2.62877,2.10186)
(-2.18095,2.98015)
(-1.73518,6.22881)
(-3.68518,-4.64978)
(0.250827,-3.3155)
(2.25443,1.10464)
(0.953364,-6.9399)
(-0.489318,-7.12026)
(0.261188,6.09245)
(1.4938,-1.48891)
(3.1789,4.98571)
(-0.290706,-1.77774)
(-2.25935,-2.34982)
(0.27072,-5.43228)
(-5.0952,-2.0759)
(-0.100639,0.404237)
(-5.44675,-0.703742)
(-0.395261,-0.384451)
(2.8836,-0.933041)
(3.03281,0.912021)
(2.10808,-10.6932)
(10.094,-2.20031)
(2.26976,-5.11066)
(-4.84011,9.22026)
(3.68314,-5.50735)
(-1.73662,4.27856)
(-2.60727,5.92686)
(-1.21019,-1.2219)
(3.64006,2.14301)
(2.44848,-1.79672)
(-1.08834,1.19464)
(1.96788,-1.36005)
(1.82585,0.771917)
(3.80234,-4.04072)
(-0.060323,-7.3204)
(-3.23234,-2.28178)
(1.53645,5.57786)
(5.08239,-1.91046)
(-2.93332,1.10336)
(-0.750014,0.396374)
(2.36667,1.62351)
(0.52996,-6.92857)
(-1.73116,1.07118)
(2.60213,-7.14753)
(-1.5034,1.55556)
(-0.765102,0.703627)
(-2.52075,2.8551)
(-10.314,-4.29099)
(13.4052,0.204589)
(-2.57092,3.65635)
(0.670786,5.48019)
(-1.68453,-3.96553)
(-1.39161,3.69135)
(1.14356,1.67961)
(2.0333,-0.865422)
(5.93291,-0.122445)
(-7.88418,1.45668)
(-4.75325,0.945306)
(-9.24824,2.82374)
(3.66078,-10.8392)
(-1.15244,-3.92041)
(1.76964,2.82892)
(-2.70866,-1.11337)
(-0.45769,-4.47507)
(-4.46681,-6.57303)
(-3.0807,3.85057)
(-4.19381,2.56735)
(-2.94755,-0.919457)
(6.57788,7.72649)
(5.98489,0.749276)
(-3.02685,-7.83221)
(-2.97999,-9.31233)
(0.745495,-4.06921)
(2.72434,2.56837)
(4.26258,3.63255)
(3.65585,3.28295)
(4.54225,0.0327108)
(-1.01345,8.18287)
(1.2568,-1.41333)
(3.88589,4.49494)
(-9.78886,-0.581466)
(-0.482418,0.785263)
(-9.87724,2.62268)
(-5.62648,-7.25325)
(-0.348044,2.58268)
(-2.99414,2.52023)
(1.9938,4.71178)
(-5.20775,2.65529)
(-3.79134,-2.16097)
(-1.81387,-0.514257)
(4.76892,0.580473)
(-2.09745,-6.38574)
(-4.53505,-0.531042)
(1.64113,1.29078)
(2.72306,-6.68026)
(-6.62419,-0.560035)
(4.24147,-0.213673)
(-1.4749,-2.52854)
(3.92775,-0.252217)
(4.91021,-1.22068)
(-0.650164,-8.85624)
(-5.6491,2.62713)
(1.937,2.22462)
(-3.73316,0.266234)
(4.78883,1.6865)
(1.04339,-8.23141)
(0.0589425,-0.980357)
(1.67188,-3.51521)
(7.23166,0.00301199)
(10.3203,9.69754)
(5.40825,-2.42954)
(9.39394,0.928493)
(1.59575,-0.0125254)
(-4.31018,-0.983907)
(-10.4375,1.22054)
(-3.317,0.12117)
(0.574028,-1.33948)
(5.69428,11.2402)
(-0.8353,-4.74932)
(3.70984,-3.37401)
(4.60814,2.08842)
(1.6001,6.59028)
(2.32986,3.8698)
(6.4855,-2.86394)
(-6.47998,8.16394)
(1.07423,-4.55188)
(-6.84893,4.94885)
(-3.85694,-5.19651)
(-0.973081,-0.44336)
(-4.6136,1.9635)
(4.95139,-4.86679)
(3.25659,2.55765)
(4.84415,4.93253)
(3.03926,0.615162)
(-7.5362,3.82604)
(-1.99641,1.07996)
(-3.28928,-6.02347)
(-6.16694,5.05447)
(0.800276,-1.82129)
(5.82254,3.69012)
(2.03154,-1.85691)
(1.75957,2.14803)
(3.78064,5.8798)
(-4.51966,0.633489)
(0.958935,-0.483174)
(2.03305,-0.417844)
(4.48083,-4.57694)
(1.82617,7.47792)
(3.2978,2.87851)
(-2.22728,2.2301)
(3.41784,-5.51953)
(-5.42958,-9.67928)
(-3.67296,7.56034)
(-2.65196,-3.65029)
(4.47382,1.99593)
(4.92144,1.87785)
(-1.95341,0.489766)
(0.558811,4.20596)
(4.6983,-0.748622)
(3.39752,0.575358)
(-9.64524,-4.48579)
(0.192227,-7.08633)
(6.0184,-9.03922)
(12.0304,-1.65052)
(0.605062,3.61129)
(9.76281,-2.9195)
(1.97893,-0.329664)
(7.43417,2.52252)
(-2.77827,-5.71471)
(-3.24535,-3.78251)
(-8.71365,6.18534)
(-5.80262,-1.45673)
(-1.51142,-6.79356)
(-8.27581,-1.66028)
(-10.406,2.26825)
(6.46365,2.67087)
(8.79949,-1.01699)
(-3.77249,0.18741)
(2.07024,5.12556)
(2.78952,2.09494)
(-1.95889,-3.39111)
(-0.652129,-0.0871426)
(-4.65541,-1.22823)
(0.470815,8.05961)
(1.42341,-1.90921)
(-1.92309,-9.79217)
(3.37342,-0.213897)
(5.3972,4.4919)
(-6.2853,-2.8851)
(-10.0035,-0.845762)
(5.8916,2.59438)
(5.23338,-4.67538)
(9.04578,6.10571)
(2.67029,-7.17156)
(-4.85391,10.8618)
(-2.0422,5.66742)
(2.33898,2.2993)
(5.26078,-0.930796)
(-0.36711,8.6197)
(2.87667,2.79542)
(-11.0602,4.53664)
(-3.69929,-0.0857068)
(1.66699,1.51006)
(1.6071,-0.516581)
(8.61332,1.86259)
(-3.93996,4.19878)
(-6.66261,-1.68469)
(-7.00447,2.06568)
(6.68558,-2.15719)
(-0.713146,1.06601)
(1.21975,1.70212)
(0.209437,-5.32561)
(6.00732,4.05086)
(0.517099,0.984299)
(5.63974,1.66246)
(-1.46527,4.01059)
(-4.06234,4.74057)
(-0.975967,-7.7037)
(-1.71263,4.63458)
(-2.8359,0.25485)
(0.0609412,-0.250286)
(-5.94573,-1.3052)
(-5.1271,-0.506165)
(-2.43034,6.39845)
(2.86272,-1.38231)
(-4.53268,-4.18377)
(-5.55081,-3.0059)
(7.07527,0.299007)
(-7.64057,7.52473)
(5.91112,1.72808)
(-4.74891,1.29702)
(-4.25107,1.23013)
(-1.55786,1.88967)
(1.41012,-7.97169)
(-1.50483,2.96536)
(-3.73749,-8.37266)
(3.35313,6.05912)
(-3.10714,2.17314)
(-0.945541,-5.70711)
(-1.4501,-3.54651)
(0.888757,1.42529)
(4.91581,3.20318)
(-2.81627,2.87828)
(-9.16171,-4.48395)
(3.20446,1.84542)
(-13.7326,-3.88573)
(5.60197,0.315322)
(-4.49205,-0.052989)
(2.08153,-0.777335)
(2.48823,2.6537)
(-7.47952,1.399)
(-0.225076,-1.29429)
(-7.78437,8.33579)
(-4.57889,-2.89448)
(7.04769,4.7252)
(1.87721,-3.25242)
(-3.01702,0.234456)
(-2.02547,7.81412)
(2.62427,-6.62689)
(-0.131934,2.45612)
(4.06084,1.83501)
(5.81791,-6.60288)
(-2.53678,-7.66351)
(-3.99956,5.09827)
(-0.802454,2.83159)
(1.64113,-4.55146)
(1.9249,4.86559)
(7.11781,-5.59475)
(0.183425,-6.20339)
(-5.74192,-3.28769)
(-1.12506,-7.23145)
(6.18603,0.731331)
(2.03462,-6.09546)
(-7.55987,1.50052)
(2.86982,-1.56432)
(5.29568,-3.45045)
(7.76389,1.44602)
(-10.2757,-6.56587)
(-2.01493,-0.868029)
(-8.21677,3.08272)
(-3.36383,2.80565)
(-4.44188,2.79301)
(-1.76035,2.48842)
(-1.00562,-5.16974)
(6.00364,-1.97981)
(-4.16421,7.26854)
(0.506808,-0.972451)
(0.561252,-4.6183)
(-3.93767,-5.54772)
(-0.501543,-0.903664)
(6.65903,-5.64731)
(4.07387,-6.17313)
(2.47365,2.61719)
(1.8032,5.56551)
(1.56535,-0.958385)
(4.53567,-1.84523)
(-0.811205,-1.36322)
(-0.799703,-8.37443)
(2.55294,-2.48463)
(4.02078,-0.276761)
(5.52225,0.531608)
(-4.54854,4.16775)
(1.5459,5.16694)
(2.62656,1.10638)
(-0.780327,6.32412)
(-0.106671,6.50253)
(-4.52169,-4.59997)
(1.95635,-3.01314)
(-4.96873,1.36778)
(1.50647,-2.91812)
(7.62441,5.5714)
(-11.0247,3.44249)
(-1.29811,-5.49017)
(1.00001,-6.74028)
(-7.44508,-4.26861)
(6.08152,-3.83626)
(5.7556,-8.8657)
(-8.50737,3.68216)
(-1.31514,-3.55665)
(8.13693,-4.89136)
(-1.11442,4.64632)
(-6.55705,5.02763)
(-11.003,2.57189)
(1.07765,-4.14294)
(2.88834,4.44225)
(3.21552,7.5874)
(-4.11536,2.68575)
(9.17331,2.89417)
(-1.87486,3.22078)
(-2.05372,3.18405)
(-1.2097,-3.31132)
(0.170579,1.55317)
(-2.80958,-5.11682)
(-2.18477,-3.69504)
(-4.32719,-1.18378)
(1.74274,4.22634)
(-1.23869,-1.7907)
(1.44234,5.33054)
(2.45666,1.50304)
(-11.9464,-9.5727)
(10.7227,-4.21035)
(3.14645,1.2633)
(0.204839,-1.28335)
(-7.99235,0.838778)
(3.70739,-4.33747)
(-9.89363,3.32327)
(-3.04024,1.97192)
(-5.09599,-2.05677)
(4.57889,1.36137)
(13.8935,-3.40567)
(-1.43073,-4.53828)
(4.20792,1.74916)
(4.31626,-3.99195)
(-6.23782,-5.7512)
(0.873371,-6.63625)
(-0.253554,-0.501249)
(1.57791,-0.916377)
(4.49463,10.3372)
(1.77029,5.5369)
(0.602068,-3.0925)
(3.77371,-3.4383)
(0.592967,3.2568)
(-10.1766,0.0778568)
(-0.268392,-4.98608)
(-2.68446,-10.3609)
(-4.0717,3.404)
(5.58181,9.1918)
(4.765,6.53383)
(2.08832,-2.31005)
(-0.15049,-5.49884)
(3.23785,1.75954)
(8.71952,3.18408)
(1.74264,1.83547)
(8.14018,-0.723495)
(-1.8898,2.92496)
(-4.10741,0.706203)
(-4.4854,0.274026)
(8.4761,0.827394)
(5.66641,-7.74462)
(-0.434956,-4.57983)
(-0.548899,-0.894502)
(-2.12097,5.23552)
(-3.95625,4.59577)
(-8.60221,-0.581934)
(3.15532,0.216874)
(-6.59053,-0.817119)
(-2.45672,-1.74504)
(-5.78361,0.427673)
(-3.593,4.70185)
(-0.666455,-0.879219)
(6.17932,1.88703)
(-0.780397,2.82472)
(1.48393,7.00005)
(-2.36063,0.299853)
(-8.75656,6.35981)
(-0.872072,-6.50617)
(-1.44288,1.2508)
(8.52415,-6.02144)
(-3.08991,-1.06888)
(-2.7541,-2.15354)
(-2.65822,5.56598)
(4.68798,3.09572)
(-5.19189,0.985836)
(-1.58312,-1.70248)
(9.12826,-9.80252)
(-3.26987,-4.5245)
(14.3938,1.37581)
(4.49348,-5.23501)
(5.14274,-10.1715)
(-11.0163,7.28073)
(-2.83302,-5.12094)
(1.11131,-2.7191)
(5.59033,-3.91203)
(-4.66368,-1.72032)
(6.49684,-0.756651)
(2.37629,6.13334)
(2.57268,-5.85945)
(-1.96867,3.35841)
(-3.59539,-8.21029)
(4.63111,-3.44779)
(3.72613,-6.27384)
(-2.40262,-0.475736)
(-1.15864,5.66538)
(-0.496963,-2.56844)
(1.69128,2.11979)
(-3.75882,6.75114)
(-0.499415,-3.62296)
(-6.06647,-3.24533)
(0.135793,-6.11978)
(-1.12621,-1.84344)
(5.24344,2.1805)
(2.80751,4.36542)
(-2.2692,5.17202)
(-5.79872,7.13896)
(-3.59487,0.235706)
(-1.748,1.80776)
(1.06978,-1.65185)
(-0.984102,1.14291)
(5.88764,-1.20006)
(3.10973,11.9121)
(-0.871161,5.42608)
(12.323,-6.24714)
(5.81411,11.367)
(2.98375,-3.34059)
(-0.90166,-1.92882)
(0.953143,1.66122)
(3.77896,6.3904)
(2.0091,3.1825)
(-9.52939,5.75653)
(0.435133,5.87626)
(-7.69816,-3.19699)
(-4.91247,-2.77078)
(-1.9024,-11.1008)
(13.9049,0.71603)
(-7.30567,3.25226)
(-0.755292,5.14532)
(-8.57681,2.18838)
(1.01192,-2.29774)
(0.958302,-8.01156)
(-3.41211,5.16684)
(-1.8718,-0.644927)
(7.32699,4.29117)
(1.53382,2.97848)
(3.65198,3.13519)
(-0.949345,-3.01587)
(0.669426,6.59471)
(-2.93942,-6.52033)
(3.23808,9.43842)
(0.0864495,2.41474)
(-2.55638,-0.579793)
(0.348158,-0.307598)
(2.69392,-1.9148)
(-6.19485,-0.340924)
(-1.93444,1.09296)
(3.09663,0.0741954)
(-1.69094,-1.48624)
(0.410003,-4.86042)
(-4.52634,-6.50712)
(-3.39274,2.61209)
(-0.445702,-6.21881)
(-7.35495,6.32182)
(-1.16594,-5.6988)
(3.04068,4.32295)
(3.0103,-7.49529)
(-13.072,-0.94796)
(-7.69615,-3.99683)
(3.79955,-5.21249)
(-1.08876,2.00248)
(-0.0101647,-1.2185)
(-16.4515,-1.38204)
(7.51431,-1.34381)
(4.5878,5.49782)
(-1.16005,-6.32327)
(-1.12719,-8.78001)
(1.75482,2.86563)
(-4.83189,8.11217)
(1.20152,-2.46923)
(-10.0864,1.60641)
(3.27184,-3.43907)
(8.29835,9.16217)
(2.6969,2.6374)
(0.176104,-0.906232)
(3.80036,-1.40315)
(-1.22467,-2.00856)
(1.77003,-1.43634)
(6.37775,-7.39443)
(1.21024,-0.613302)
(-2.23071,0.0301269)
(3.29847,-3.85558)
(-1.26947,-4.75659)
(-0.153658,1.44684)
(-0.747836,-4.18629)
(4.39557,-5.38618)
(1.74088,4.12875)
(-8.73895,5.57295)
(-3.62261,0.384375)
(2.47602,-7.49383)
(-1.75317,2.64688)
(-7.21619,9.17043)
(-1.91845,3.03711)
(-3.3329,-5.86687)
(2.79794,-2.42859)
(-2.53111,-1.17221)
(9.20857,4.53424)
(-2.16137,4.28975)
(4.65509,-1.03792)
(1.75857,-8.52267)
(4.37945,-0.565329)
(-0.849835,-5.98724)
(-2.16356,-3.91004)
(-9.97746,-3.8616)
(3.18069,-0.313928)
(-2.59069,5.36786)
(6.59216,1.21066)
(7.77996,-2.42644)
(6.98288,-7.30276)
(6.66203,-3.45207)
(-3.33738,-1.77652)
(-0.52996,4.57431)
(-5.89386,6.32875)
(0.209093,-4.81836)
(9.2398,5.66786)
(-3.64711,0.690077)
(6.87958,-5.65358)
(5.1771,-0.278551)
(4.30149,-5.63086)
(-2.79715,-10.5997)
(7.46026,-0.608708)
(-3.58306,-6.78467)
(-4.94393,-10.8134)
(0.843078,-6.60468)
(0.992923,-7.28236)
(-10.36,4.95199)
(3.15665,-2.95447)
(1.20327,5.26768)
(-5.63735,-1.81093)
(4.87088,-0.252278)
(0.615212,-5.54795)
(2.37611,-5.91609)
(4.38021,-0.993984)
(-1.0124,-6.9556)
(8.57223,-11.6376)
(0.986313,5.8026)
(0.366386,-1.52867)
(0.704235,5.98965)
(0.624388,1.25213)
(0.735686,0.607295)
(3.98131,0.0639033)
(5.41861,2.89725)
(-0.819627,-4.76686)
(-6.50558,-8.09701)
(-7.47714,-0.422032)
(-0.242276,-4.94581)
(3.76861,-4.38982)
(-2.09386,3.62044)
(8.8158,2.6128)
(-1.11382,0.908987)
(-5.64767,-1.58003)
(-5.91931,-7.70546)
(-0.171652,4.38806)
(0.205929,-4.01319)
(1.36745,-0.185218)
(-2.87181,1.25769)
(0.171205,-0.895788)
(-5.04966,-10.2845)
(-4.5177,2.90469)
(-7.70317,7.58663)
(1.9412,0.129098)
(0.458726,-2.15252)
(-1.14317,-0.796824)
(-5.66709,-2.58382)
(3.78994,-0.951866)
(-2.83059,8.77014)
(-3.90858,-10.2641)
(2.23347,-4.02833)
(-2.03046,-3.30246)
(-2.87589,-7.47251)
(1.26754,0.562411)
(1.45688,-0.900108)
(-2.01772,3.71133)
(-8.58236,2.63831)
(-0.824422,2.43822)
(-5.67183,-1.90897)
(1.32478,3.11542)
(-0.494297,-0.759818)
(-2.30369,-6.3121)
(3.87918,2.74595)
(-9.60204,-2.59947)
(-2.97406,1.88027)
(-4.74385,-2.49855)
(5.65594,2.16037)
(-4.68281,3.43461)
(-2.95235,-5.38442)
(-0.850337,0.430705)
(-11.0675,0.951516)
(-0.307977,1.13629)
(-4.1861,7.7492)
(4.70522,8.364)
(0.876533,-1.5879)
(-0.162207,-4.2773)
(-2.88523,-5.29094)
(-13.4613,-0.19169)
(1.0586,-6.55152)
(-7.03768,-5.3111)
(2.73495,6.0255)
(1.96892,-0.528889)
(-3.51536,-0.781044)
(1.45846,-1.29023)
(2.76463,-2.56595)
(0.767703,4.44656)
(-5.87445,-1.1235)
(-4.27201,-6.77579)
(-1.73753,-1.23871)
(-1.55037,5.20354)
(0.621538,2.32993)
(-1.60624,0.995092)
(-5.26212,1.17459)
(-3.42467,2.7153)
(8.11515,11.2914)
(-5.60151,3.79721)
(-10.3316,-1.07923)
(0.0158383,6.78988)
(-2.54155,-2.16706)
(-10.6884,-4.24829)
(1.71781,-1.50881)
(-2.83006,-3.38336)
(0.949215,1.13045)
(2.63559,-7.53037)
(-2.35501,1.17079)
(7.40061,5.53088)
(5.49409,-4.62116)
(3.1178,9.27155)
(-6.3013,3.12228)
(-0.137709,-0.723622)
(-2.03018,-9.0366)
(6.87523,2.38001)
(3.32432,5.28185)
(-7.27597,1.66869)
(-2.76634,-0.420307)
(3.95266,2.29686)
(8.43628,11.3203)
(3.70112,4.83677)
(-1.94214,4.06369)
(1.2194,-1.01057)
(-3.8394,1.03272)
(-1.53599,-2.6145)
(2.30306,-1.70997)
(-1.02812,8.21581)
(0.0774204,-0.269053)
(-2.44398,8.48248)
(-10.6526,1.24288)
(-1.16363,0.0961426)
(-10.0976,-3.75324)
(3.4589,1.03994)
(3.48166,6.98158)
(-4.83507,4.98648)
(-0.0237693,-1.25045)
(2.18763,0.889572)
(3.47941,-1.07978)
(-1.23144,3.25398)
(1.86128,6.67345)
(-7.42087,-0.709831)
(5.18158,-11.4476)
(2.56322,0.68903)
(0.948992,-3.63156)
(-1.91851,-2.08166)
(5.53612,8.5876)
(-5.81232,-0.678798)
(-0.459463,0.460873)
(-1.75155,2.09958)
(8.34788,1.62283)
(-1.12144,-2.22655)
(-8.50992,-8.52488)
(4.52676,-3.80005)
(4.88054,-1.12348)
(-1.86805,-0.127226)
(6.8515,-3.57074)
(-1.15394,-5.00325)
(2.42393,-5.50223)
(-9.92243,4.50967)
(-0.831038,10.6406)
(3.02188,1.5543)
(-7.30789,-1.5899)
(0.566416,1.85028)
(-7.84425,5.71423)
(6.34947,-2.16351)
(-2.37794,5.32644)
(0.840474,9.38168)
(-1.78555,-6.91302)
(5.1454,8.17227)
(9.5559,-2.64118)
(11.2671,-5.57054)
(-4.02218,-3.71022)
(-4.19291,-9.76515)
(-0.83175,-4.09405)
(-6.4888,-1.11106)
(-4.4566,-5.52222)
(-1.69946,-9.61994)
(0.627456,-0.0762942)
(2.09828,0.314996)
(0.644741,-9.77635)
(-2.96888,-0.402296)
(3.04649,1.55682)
(-1.43272,-4.72916)
(7.01658,1.25981)
(-10.6415,2.7724)
(0.588586,1.40674)
(3.20734,0.0376665)
(5.35768,-3.49406)
(3.56081,6.8421)
(-0.200194,-1.32089)
(0.780917,-1.95934)
(0.796367,5.04476)
(-1.10524,-0.555174)
(6.30138,4.67621)
(-4.70875,-0.0146248)
(-3.54188,-0.488924)
(-4.77048,1.91739)
(5.38116,-1.77308)
(4.16348,2.10972)
(2.94092,-9.49596)
(-1.52645,0.921061)
(-2.93897,1.33195)
(6.65219,0.317376)
(0.516831,0.342013)
(6.85875,-2.06745)
(-0.783543,10.5131)
(5.2364,1.71929)
(4.45072,5.78238)
(-0.182368,-7.11978)
(-5.68876,-4.39589)
(10.0505,8.40788)
(5.03257,-1.59793)
(3.06183,-1.7149)
(8.08816,-5.86663)
(4.33767,-3.92247)
(0.157859,6.25993)
(-0.817939,-3.95996)
(1.94103,-1.42639)
(-0.846989,-6.5319)
(-3.54434,2.73412)
(-2.15294,-0.581987)
(2.0146,-7.22691)
(-0.04909,-1.44068)
(-0.291523,-0.914618)
(-3.47237,-3.46558)
(-3.23779,0.145924)
(-0.220407,-3.82577)
(3.31524,1.86056)
(1.26063,0.509044)
(-2.46194,1.11959)
(-1.22715,0.271873)
(-3.56202,-1.31099)
(-3.133,-5.3052)
(-6.66279,-4.33453)
(-1.66297,2.99734)
(5.51807,-1.51657)
(2.10392,-4.04313)
(-2.53784,2.8411)
(2.0292,-4.57512)
(-0.173481,-1.97659)
(2.34079,3.45087)
(2.20941,-4.41595)
(-2.27146,1.3172)
(-0.959379,6.26376)
(-6.05546,2.65591)
(2.66138,6.33116)
(3.55317,5.18417)
(-1.32655,-0.474762)
(7.6378,-0.0712792)
(4.45903,-6.20548)
(-5.08134,4.20625)
(5.10505,-3.11276)
(-7.2932,-5.997)
(6.09445,-5.43125)
(5.89691,1.62478)
(1.86201,6.3604)
(2.53053,0.581281)
(11.4263,-2.22371)
(0.304965,-1.20634)
(-0.865807,2.83249)
(0.723971,-0.88928)
(-1.78561,6.15356)
(-1.27339,3.4452)
(-5.68544,4.91423)
(6.72269,-0.137568)
(-0.689996,2.77193)
(0.623383,0.535382)
(2.55901,-3.04995)
(0.152399,2.27798)
(-2.97457,-6.59529)
(-1.73111,-0.640619)
(0.496716,-5.63871)
(-4.31424,-2.09601)
(6.69428,-2.96541)
(1.20186,2.19971)
(-0.706382,1.19849)
(6.69769,-2.85321)
(4.38041,-4.9434)
(2.60811,-4.17725)
(-3.71905,-3.44092)
(-2.05287,-0.0853116)
(8.41613,-11.273)
(1.54999,-1.14648)
(2.35145,4.23743)
(-1.69612,-4.8366)
(0.701011,2.67345)
(10.5468,2.52689)
(-6.78552,3.12483)
(-2.35594,-2.15386)
(-0.761314,4.57296)
(-12.2452,-4.44087)
(-5.30735,1.9566)
(2.77049,-4.82571)
(7.14928,-4.90742)
(6.79636,7.60881)
(1.31652,-0.468929)
(2.07398,6.39926)
(5.32094,-0.476073)
(-9.34657,6.3233)
(-0.14147,11.33)
(-3.26219,6.4417)
(-1.73055,1.06018)
(4.35748,-6.92984)
(-3.77297,0.459217)
(-5.32052,-1.50637)
(-3.97644,-5.4629)
(-0.572964,-8.17613)
(0.268998,-0.664821)
(-4.71668,2.17518)
(4.74612,-4.96851)
(-4.94658,-2.68716)
(0.564022,0.54875)
(1.38206,-3.70879)
(2.90417,0.309253)
(3.16679,2.73209)
(-0.453831,2.98406)
(-1.14658,-9.42727)
(-12.3657,-2.31488)
(-5.47706,-11.3048)
(-6.3969,12.1569)
(2.25295,3.57722)
(7.75403,0.830904)
(0.90654,3.5579)
(-3.59436,-5.45776)
(12.2124,3.49202)
(6.74578,-5.68072)
(-1.49447,2.35399)
(3.8421,-5.16983)
(3.63102,1.62861)
(-0.622893,8.14801)
(-4.584,-2.64218)
(-1.88392,8.8134)
(0.0732492,2.92187)
(0.79516,2.9938)
(4.50936,-4.19891)
(-6.77483,3.04214)
(2.53088,5.80904)
(-0.0866901,0.357767)
(-0.739771,3.01301)
(-1.94188,0.299044)
(-3.62661,4.75297)
(-5.88913,0.209267)
(-7.67826,-4.56079)
(0.951175,9.62795)
(3.74012,11.8712)
(-2.459,-0.91654)
(1.31611,6.43638)
(6.71755,0.717357)
(7.52256,1.21348)
(4.66798,-2.48947)
(-2.44166,-0.686596)
(-2.89138,2.43806)
(-6.42083,0.119971)
(-0.0104677,6.44262)
(4.76651,-1.60117)
(0.352624,-7.58718)
(0.137903,4.88693)
(7.705,1.96619)
(-8.13449,-8.60969)
(-6.47632,-0.666451)
(-5.71415,6.70453)
(-5.27667,-5.42044)
(5.09703,1.45072)
(0.590513,-4.58247)
(-0.269821,-4.19907)
(4.85557,-8.09378)
(4.43814,-3.70439)
(-1.45862,1.92864)
(3.48456,-8.40792)
(-6.23453,4.17729)
(-4.80059,2.64747)
(-6.45255,4.02467)
(1.6317,-0.678149)
(6.35366,-1.73141)
(-1.28496,-2.64972)
(-3.55047,-2.88569)
(7.05864,-4.1429)
(3.2799,-4.86514)
(-0.507521,-8.32558)
(-3.41905,6.9201)
(-2.07678,3.76202)
(8.94984,-1.24792)
(6.91256,2.29427)
(0.309104,8.04435)
(-3.87534,2.29581)
(3.60719,-2.33349)
(1.10807,2.04234)
(1.60418,2.57957)
(3.89664,-5.92415)
(6.69289,-5.56906)
(-2.99803,3.86888)
(-3.21707,-0.982009)
(8.85947,3.98133)
(1.62056,-1.10599)
(-8.39647,-6.6698)
(0.73485,1.09994)
(2.67668,5.69803)
(8.82725,-2.98375)
(-4.3076,-1.22197)
(-9.86466,-10.8276)
(4.06416,1.03785)
(-1.56151,-1.49433)
(13.9132,3.73432)
(3.90172,-0.373149)
(-0.298393,1.16996)
(-5.11804,-8.20076)
(0.343519,-0.394375)
(5.71611,2.59218)
(-5.49207,-0.734444)
(1.16896,2.43838)
(-1.01656,-0.504628)
(0.617521,0.986668)
(7.30741,4.11043)
(-5.51296,3.24569)
(-6.5991,-3.51265)
(-8.8902,4.004)
(-3.17424,0.861468)
(-2.90803,0.886441)
(0.218633,-6.17468)
(-7.59841,1.12047)
(14.3196,3.7542)
(-6.69323,-2.35403)
(-0.0729083,-1.79703)
(6.38952,4.46066)
(2.80455,12.0123)
(2.29136,-2.78938)
(4.83697,1.58468)
(-4.95096,-0.437455)
(-6.67358,-2.18447)
(5.54187,12.9919)
(-1.08313,4.16294)
(4.11491,0.370637)
(-0.946839,-0.788996)
(-4.9899,0.023348)
(5.4976,1.10439)
(3.67451,-5.49212)
(0.651891,1.78399)
(-3.3499,-5.28301)
(1.25021,-2.75252)
(4.53911,-8.70512)
(2.71466,-2.51424)
(-3.51102,-1.69422)
(2.01184,-2.85908)
(-0.77836,0.349083)
(-4.43405,-2.38491)
(-1.69988,-2.60207)
(1.96065,-2.41396)
(-5.28524,-1.49102)
(6.41323,5.08624)
(-6.01444,-2.42072)
(1.68676,-4.19013)
(4.21209,1.18917)
(5.15002,-0.816408)
(-0.00379536,4.10975)
(2.66984,-0.750427)
(-1.13778,4.64244)
(-4.3208,8.24191)
(-3.11714,-3.36588)
(-2.87246,-1.15454)
(-4.19328,-5.60394)
(-7.5778,4.5023)
(-0.567129,-4.44514)
(1.57053,6.12846)
(-3.52616,-4.59898)
(5.35303,-1.23334)
(5.09346,-2.92304)
(-2.25094,-3.34063)
(-4.27165,-3.89776)
(1.31804,-2.986)
(0.159039,0.689995)
(3.76005,-0.627294)
(-3.39005,0.809919)
(8.21566,-0.926482)
(-1.81671,1.20793)
(-3.29932,2.23581)
(-4.89402,-3.19287)
(-4.88519,1.27345)
(0.751296,-10.3107)
(1.66136,-1.94068)
(-0.244593,2.9921)
(-3.17767,-7.45584)
(-4.63129,6.9654)
(-4.9829,9.85151)
(-3.792,2.64587)
(-5.55406,-3.91083)
(-2.94192,1.06604)
(8.23443,-5.95055)
(4.00977,-9.29151)
(2.31566,4.08365)
(-5.03079,-0.480463)
(-3.42424,-0.872387)
(2.24496,-0.162821)
(-2.80069,-7.31408)
(3.4615,-0.499424)
(1.65595,1.86998)
(7.08993,7.8154)
(4.83395,-4.26378)
(-1.7933,-6.28265)
(8.88038,8.27353)
(-7.33687,-4.09452)
(1.64816,-0.471954)
(-3.86465,1.43424)
(-2.39119,2.89961)
(2.56779,1.29543)
(3.52802,-9.85329)
(-4.92733,6.94367)
(-6.51988,-0.486849)
(0.019157,1.36153)
(4.55794,0.871997)
(1.20854,-1.71574)
(-3.28525,-2.18253)
(-0.507969,3.02669)
(-6.28182,-2.65976)
(-8.45673,-2.36433)
(-3.11703,-2.8416)
(2.73989,1.59065)
(-1.46607,-3.00884)
(2.95764,-0.401177)
(4.19788,-0.756517)
(0.702056,-2.64599)
(5.91564,-0.648683)
(-1.49543,-4.67508)
(-0.285801,2.35066)
(0.428709,1.33119)
(-1.33035,-2.31519)
(-0.816571,0.207917)
(1.72515,0.914416)
(-5.38377,1.79335)
(-3.20444,-1.44228)
(2.23958,-9.46299)
(7.43443,7.7118)
(5.02612,-0.994302)
(4.87639,-6.42161)
(5.11779,1.47163)
(2.39565,-3.73635)
(2.76008,-2.57441)
(-2.00992,-0.707629)
(0.275363,2.6782)
(4.33449,5.99707)
(-0.950267,-0.709428)
(-0.668862,-7.23043)
(0.776453,2.57865)
(5.74556,-2.10816)
(3.67073,2.73055)
(-1.36517,3.64776)
(-1.45155,-2.64574)
(-0.0424123,-3.01638)
(0.416971,-2.35151)
(-5.03816,-0.0791485)
(-3.42658,3.66182)
(0.932316,0.107618)
(-0.370207,-2.53246)
(-1.8935,0.259818)
(0.656151,3.28833)
(-0.806913,4.22661)
(-4.498,-0.724775)
(-0.695597,-5.98849)
(0.686737,-0.458088)
(5.06548,-1.48516)
(-1.72771,2.75925)
(-4.85841,3.44455)
(-0.234373,0.718618)
(-1.28351,5.63319)
(-2.37894,0.426647)
(-2.50987,-8.61991)
(0.626209,2.63497)
(5.79121,3.51581)
(-1.23959,-10.1455)
(1.94565,-0.997414)
(8.95892,-2.77154)
(-3.70621,-8.68768)
(-1.39817,-2.61677)
(-0.639313,-1.83124)
(1.08755,5.79325)
(-5.75512,0.949931)
(-1.84311,3.70396)
(4.33075,-0.968868)
(-1.16521,-6.07401)
(1.41977,4.30112)
(7.35466,-5.87378)
(-0.462396,-6.29592)
(-0.823295,-6.52856)
(8.3785,2.43107)
(-2.26406,-1.20959)
(-0.638388,3.90465)
(1.92276,1.78892)
(0.0407753,-3.1244)
(5.55883,7.24701)
(-0.346167,2.00346)
(0.833103,-0.359681)
(0.250392,0.348146)
(2.333,3.09862)
(-2.0712,-2.34954)
(-1.46578,-7.36547)
(-1.01164,2.46417)
(-1.67267,-6.27267)
(-0.207211,-3.0767)
(0.824617,-9.9872)
(0.360142,4.46715)
(1.57897,-0.827374)
(-7.28535,-3.43983)
(-7.0196,-0.0269461)
(7.71675,5.6032)
(3.80683,-4.02252)
(-0.374821,0.860178)
(3.73715,-2.19686)
(-2.42831,-2.81647)
(-4.44803,-3.49564)
(-11.5859,1.32672)
(-3.98447,4.93321)
(3.41195,-0.500103)
(3.80443,-8.49299)
(-0.709286,3.28875)
(2.14613,2.02203)
(1.47602,-1.77397)
(1.23908,-1.68967)
(2.60686,6.98572)
(-0.953954,4.31212)
(3.04477,2.30882)
(5.29232,4.01789)
(-1.60452,4.57447)
(-5.75333,1.85737)
(-1.39698,7.30482)
(5.34759,-2.07551)
(-0.684427,-2.50897)
(3.53027,-4.29214)
(-0.114689,0.107695)
(-0.759091,9.9349)
(-0.774809,-1.2762)
(-1.58093,6.21229)
(1.9496,-0.795032)
(-5.05025,-2.70007)
(-1.61566,0.505503)
(-1.17451,4.86638)
(-5.08362,-3.58804)
(-1.49824,-5.46986)
(-5.01895,-1.26955)
(-7.25176,6.28239)
(10.4514,0.810868)
(-3.45254,-7.54805)
(3.47704,3.00152)
(1.7514,3.52427)
(0.643305,-0.820325)
(-4.95965,-4.4966)
(-4.24627,5.33711)
(-7.98343,1.08597)
(5.12624,2.87266)
(-0.864408,-5.6521)
(0.664559,0.354854)
(-0.931149,-5.04629)
(-2.36299,0.735698)
(3.84396,3.26124)
(2.16391,15.6159)
(1.62859,1.09719)
(-7.77494,-1.89426)
(3.89516,3.42157)
(2.35116,-3.40892)
(-1.34655,0.582441)
(1.18905,-6.51679)
(9.8241,-1.88396)
(1.5981,8.95757)
(3.08608,-2.67925)
(4.01541,-6.75321)
(9.10928,0.165088)
(1.20847,-3.63661)
(-11.6521,0)
(1.20847,3.63661)
(9.10928,-0.165088)
(4.01541,6.75321)
(3.08608,2.67925)
(1.5981,-8.95757)
(9.8241,1.88396)
(1.18905,6.51679)
(-1.34655,-0.582441)
(2.35116,3.40892)
(3.89516,-3.42157)
(-7.77494,1.89426)
(1.62859,-1.09719)
(2.16391,-15.6159)
(3.84396,-3.26124)
(-2.36299,-0.735698)
(-0.931149,5.04629)
(0.664559,-0.354854)
(-0.864408,5.6521)
(5.12624,-2.87266)
(-7.98343,-1.08597)
(-4.24627,-5.33711)
(-4.95965,4.4966)
(0.643305,0.820325)
(1.7514,-3.52427)
(3.47704,-3.00152)
(-3.45254,7.54805)
(10.4514,-0.810868)
(-7.25176,-6.28239)
(-5.01895,1.26955)
(-1.49824,5.46986)
(-5.08362,3.58804)
(-1.17451,-4.86638)
(-1.61566,-0.505503)
(-5.05025,2.70007)
(1.9496,0.795032)
(-1.58093,-6.21229)
(-0.774809,1.2762)
(-0.759091,-9.9349)
(-0.114689,-0.107695)
(3.53027,4.29214)
(-0.684427,2.50897)
(5.34759,2.07551)
(-1.39698,-7.30482)
(-5.75333,-1.85737)
(-1.60452,-4.57447)
(5.29232,-4.01789)
(3.04477,-2.30882)
(-0.953954,-4.31212)
(2.60686,-6.98572)
(1.23908,1.68967)
(1.47602,1.77397)
(2.14613,-2.02203)
(-0.709286,-3.28875)
(3.80443,8.49299)
(3.41195,0.500103)
(-3.98447,-4.93321)
(-11.5859,-1.32672)
(-4.44803,3.49564)
(-2.42831,2.81647)
(3.73715,2.19686)
(-0.374821,-0.860178)
(3.80683,4.02252)
(7.71675,-5.6032)
(-7.0196,0.0269461)
(-7.28535,3.43983)
(1.57897,0.827374)
(0.360142,-4.46715)
(0.824617,9.9872)
(-0.207211,3.0767)
(-1.67267,6.27267)
(-1.01164,-2.46417)
(-1.46578,7.36547)
(-2.0712,2.34954)
(2.333,-3.09862)
(0.250392,-0.348146)
(0.833103,0.359681)
(-0.346167,-2.00346)
(5.55883,-7.24701)
(0.0407753,3.1244)
(1.92276,-1.78892)
(-0.638388,-3.90465)
(-2.26406,1.20959)
(8.3785,-2.43107)
(-0.823295,6.52856)
(-0.462396,6.29592)
(7.35466,5.87378)
(1.41977,-4.30112)
(-1.16521,6.07401)
(4.33075,0.968868)
(-1.84311,-3.70396)
(-5.75512,-0.949931)
(1.08755,-5.79325)
(-0.639313,1.83124)
(-1.39817,2.61677)
(-3.70621,8.68768)
(8.95892,2.77154)
(1.94565,0.997414)
(-1.23959,10.1455)
(5.79121,-3.51581)
(0.626209,-2.63497)
(-2.50987,8.61991)
(-2.37894,-0.426647)
(-1.28351,-5.63319)
(-0.234373,-0.718618)
(-4.85841,-3.44455)
(-1.72771,-2.75925)
(5.06548,1.48516)
(0.686737,0.458088)
(-0.695597,5.98849)
(-4.498,0.724775)
(-0.806913,-4.22661)
(0.656151,-3.28833)
(-1.8935,-0.259818)
(-0.370207,2.53246)
(0.932316,-0.107618)
(-3.42658,-3.66182)
(-5.03816,0.0791485)
(0.416971,2.35151)
(-0.0424123,3.01638)
(-1.45155,2.64574)
(-1.36517,-3.64776)
(3.67073,-2.73055)
(5.74556,2.10816)
(0.776453,-2.57865)
(-0.668862,7.23043)
(-0.950267,0.709428)
(4.33449,-5.99707)
(0.275363,-2.6782)
(-2.00992,0.707629)
(2.76008,2.57441)
(2.39565,3.73635)
(5.11779,-1.47163)
(4.87639,6.42161)
(5.02612,0.994302)
(7.43443,-7.7118)
(2.23958,9.46299)
(-3.20444,1.44228)
(-5.38377,-1.79335)
(1.72515,-0.914416)
(-0.816571,-0.207917)
(-1.33035,2.31519)
(0.428709,-1.33119)
(-0.285801,-2.35066)
(-1.49543,4.67508)
(5.91564,0.648683)
(0.702056,2.64599)
(4.19788,0.756517)
(2.95764,0.401177)
(-1.46607,3.00884)
(2.73989,-1.59065)
(-3.11703,2.8416)
(-8.45673,2.36433)
(-6.28182,2.65976)
(-0.507969,-3.02669)
(-3.28525,2.18253)
(1.20854,1.71574)
(4.55794,-0.871997)
(0.019157,-1.36153)
(-6.51988,0.486849)
(-4.92733,-6.94367)
(3.52802,9.85329)
(2.56779,-1.29543)
(-2.39119,-2.89961)
(-3.86465,-1.43424)
(1.64816,0.471954)
(-7.33687,4.09452)
(8.88038,-8.27353)
(-1.7933,6.28265)
(4.83395,4.26378)
(7.08993,-7.8154)
(1.65595,-1.86998)
(3.4615,0.499424)
(-2.80069,7.31408)
(2.24496,0.162821)
(-3.42424,0.872387)
(-5.03079,0.480463)
(2.31566,-4.08365)
(4.00977,9.29151)
(8.23443,5.95055)
(-2.94192,-1.06604)
(-5.55406,3.91083)
(-3.792,-2.64587)
(-4.9829,-9.85151)
(-4.63129,-6.9654)
(-3.17767,7.45584)
(-0.244593,-2.9921)
(1.66136,1.94068)
(0.751296,10.3107)
(-4.88519,-1.27345)
(-4.89402,3.19287)
(-3.29932,-2.23581)
(-1.81671,-1.20793)
(8.21566,0.926482)
(-3.39005,-0.809919)
(3.76005,0.627294)
(0.159039,-0.689995)
(1.31804,2.986)
(-4.27165,3.89776)
(-2.25094,3.34063)
(5.09346,2.92304)
(5.35303,1.23334)
(-3.52616,4.59898)
(1.57053,-6.12846)
(-0.567129,4.44514)
(-7.5778,-4.5023)
(-4.19328,5.60394)
(-2.87246,1.15454)
(-3.11714,3.36588)
(-4.3208,-8.24191)
(-1.13778,-4.64244)
(2.66984,0.750427)
(-0.00379536,-4.10975)
(5.15002,0.816408)
(4.21209,-1.18917)
(1.68676,4.19013)
(-6.01444,2.42072)
(6.41323,-5.08624)
(-5.28524,1.49102)
(1.96065,2.41396)
(-1.69988,2.60207)
(-4.43405,2.38491)
(-0.77836,-0.349083)
(2.01184,2.85908)
(-3.51102,1.69422)
(2.71466,2.51424)
(4.53911,8.70512)
(1.25021,2.75252)
(-3.3499,5.28301)
(0.651891,-1.78399)
(3.67451,5.49212)
(5.4976,-1.10439)
(-4.9899,-0.023348)
(-0.946839,0.788996)
(4.11491,-0.370637)
(-1.08313,-4.16294)
(5.54187,-12.9919)
(-6.67358,2.18447)
(-4.95096,0.437455)
(4.83697,-1.58468)
(2.29136,2.78938)
(2.80455,-12.0123)
(6.38952,-4.46066)
(-0.0729083,1.79703)
(-6.69323,2.35403)
(14.3196,-3.7542)
(-7.59841,-1.12047)
(0.218633,6.17468)
(-2.90803,-0.886441)
(-3.17424,-0.861468)
(-8.8902,-4.004)
(-6.5991,3.51265)
(-5.51296,-3.24569)
(7.30741,-4.11043)
(0.617521,-0.986668)
(-1.01656,0.504628)
(1.16896,-2.43838)
(-5.49207,0.734444)
(5.71611,-2.59218)
(0.343519,0.394375)
(-5.11804,8.20076)
(-0.298393,-1.16996)
(3.90172,0.373149)
(13.9132,-3.73432)
(-1.56151,1.49433)
(4.06416,-1.03785)
(-9.86466,10.8276)
(-4.3076,1.22197)
(8.82725,2.98375)
(2.67668,-5.69803)
(0.73485,-1.09994)
(-8.39647,6.6698)
(1.62056,1.10599)
(8.85947,-3.98133)
(-3.21707,0.982009)
(-2.99803,-3.86888)
(6.69289,5.56906)
(3.89664,5.92415)
(1.60418,-2.57957)
(1.10807,-2.04234)
(3.60719,2.33349)
(-3.87534,-2.29581)
(0.309104,-8.04435)
(6.91256,-2.29427)
(8.94984,1.24792)
(-2.07678,-3.76202)
(-3.41905,-6.9201)
(-0.507521,8.32558)
(3.2799,4.86514)
(7.05864,4.1429)
(-3.55047,2.88569)
(-1.28496,2.64972)
(6.35366,1.73141)
(1.6317,0.678149)
(-6.45255,-4.02467)
(-4.80059,-2.64747)
(-6.23453,-4.17729)
(3.48456,8.40792)
(-1.45862,-1.92864)
(4.43814,3.70439)
(4.85557,8.09378)
(-0.269821,4.19907)
(0.590513,4.58247)
(5.09703,-1.45072)
(-5.27667,5.42044)
(-5.71415,-6.70453)
(-6.47632,0.666451)
(-8.13449,8.60969)
(7.705,-1.96619)
(0.137903,-4.88693)
(0.352624,7.58718)
(4.76651,1.60117)
(-0.0104677,-6.44262)
(-6.42083,-0.119971)
(-2.89138,-2.43806)
(-2.44166,0.686596)
(4.66798,2.48947)
(7.52256,-1.21348)
(6.71755,-0.717357)
(1.31611,-6.43638)
(-2.459,0.91654)
(3.74012,-11.8712)
(0.951175,-9.62795)
(-7.67826,4.56079)
(-5.88913,-0.209267)
(-3.62661,-4.75297)
(-1.94188,-0.299044)
(-0.739771,-3.01301)
(-0.0866901,-0.357767)
(2.53088,-5.80904)
(-6.77483,-3.04214)
(4.50936,4.19891)
(0.79516,-2.9938)
(0.0732492,-2.92187)
(-1.88392,-8.8134)
(-4.584,2.64218)
(-0.622893,-8.14801)
(3.63102,-1.62861)
(3.8421,5.16983)
(-1.49447,-2.35399)
(6.74578,5.68072)
(12.2124,-3.49202)
(-3.59436,5.45776)
(0.90654,-3.5579)
(7.75403,-0.830904)
(2.25295,-3.57722)
(-6.3969,-12.1569)
(-5.47706,11.3048)
(-12.3657,2.31488)
(-1.14658,9.42727)
(-0.453831,-2.98406)
(3.16679,-2.73209)
(2.90417,-0.309253)
(1.38206,3.70879)
(0.564022,-0.54875)
(-4.94658,2.68716)
(4.74612,4.96851)
(-4.71668,-2.17518)
(0.268998,0.664821)
(-0.572964,8.17613)
(-3.97644,5.4629)
(-5.32052,1.50637)
(-3.77297,-0.459217)
(4.35748,6.92984)
(-1.73055,-1.06018)
(-3.26219,-6.4417)
(-0.14147,-11.33)
(-9.34657,-6.3233)
(5.32094,0.476073)
(2.07398,-6.39926)
(1.31652,0.468929)
(6.79636,-7.60881)
(7.14928,4.90742)
(2.77049,4.82571)
(-5.30735,-1.9566)
(-12.2452,4.44087)
(-0.761314,-4.57296)
(-2.35594,2.15386)
(-6.78552,-3.12483)
(10.5468,-2.52689)
(0.701011,-2.67345)
(-1.69612,4.8366)
(2.35145,-4.23743)
(1.54999,1.14648)
(8.41613,11.273)
(-2.05287,0.0853116)
(-3.71905,3.44092)
(2.60811,4.17725)
(4.38041,4.9434)
(6.69769,2.85321)
(-0.706382,-1.19849)
(1.20186,-2.19971)
(6.69428,2.96541)
(-4.31424,2.09601)
(0.496716,5.63871)
(-1.73111,0.640619)
(-2.97457,6.59529)
(0.152399,-2.27798)
(2.55901,3.04995)
(0.623383,-0.535382)
(-0.689996,-2.77193)
(6.72269,0.137568)
(-5.68544,-4.91423)
(-1.27339,-3.4452)
(-1.78561,-6.15356)
(0.723971,0.88928)
(-0.865807,-2.83249)
(0.304965,1.20634)
(11.4263,2.22371)
(2.53053,-0.581281)
(1.86201,-6.3604)
(5.89691,-1.62478)
(6.09445,5.43125)
(-7.2932,5.997)
(5.10505,3.11276)
(-5.08134,-4.20625)
(4.45903,6.20548)
(7.6378,0.0712792)
(-1.32655,0.474762)
(3.55317,-5.18417)
(2.66138,-6.33116)
(-6.05546,-2.65591)
(-0.959379,-6.26376)
(-2.27146,-1.3172)
(2.20941,4.41595)
(2.34079,-3.45087)
(-0.173481,1.97659)
(2.0292,4.57512)
(-2.53784,-2.8411)
(2.10392,4.04313)
(5.51807,1.51657)
(-1.66297,-2.99734)
(-6.66279,4.33453)
(-3.133,5.3052)
(-3.56202,1.31099)
(-1.22715,-0.271873)
(-2.46194,-1.11959)
(1.26063,-0.509044)
(3.31524,-1.86056)
(-0.220407,3.82577)
(-3.23779,-0.145924)
(-3.47237,3.46558)
(-0.291523,0.914618)
(-0.04909,1.44068)
(2.0146,7.22691)
(-2.15294,0.581987)
(-3.54434,-2.73412)
(-0.846989,6.5319)
(1.94103,1.42639)
(-0.817939,3.95996)
(0.157859,-6.25993)
(4.33767,3.92247)
(8.08816,5.86663)
(3.06183,1.7149)
(5.03257,1.59793)
(10.0505,-8.40788)
(-5.68876,4.39589)
(-0.182368,7.11978)
(4.45072,-5.78238)
(5.2364,-1.71929)
(-0.783543,-10.5131)
(6.85875,2.06745)
(0.516831,-0.342013)
(6.65219,-0.317376)
(-2.93897,-1.33195)
(-1.52645,-0.921061)
(2.94092,9.49596)
(4.16348,-2.10972)
(5.38116,1.77308)
(-4.77048,-1.91739)
(-3.54188,0.488924)
(-4.70875,0.0146248)
(6.30138,-4.67621)
(-1.10524,0.555174)
(0.796367,-5.04476)
(0.780917,1.95934)
(-0.200194,1.32089)
(3.56081,-6.8421)
(5.35768,3.49406)
(3.20734,-0.0376665)
(0.588586,-1.40674)
(-10.6415,-2.7724)
(7.01658,-1.25981)
(-1.43272,4.72916)
(3.04649,-1.55682)
(-2.96888,0.402296)
(0.644741,9.77635)
(2.09828,-0.314996)
(0.627456,0.0762942)
(-1.69946,9.61994)
(-4.4566,5.52222)
(-6.4888,1.11106)
(-0.83175,4.09405)
(-4.19291,9.76515)
(-4.02218,3.71022)
(11.2671,5.57054)
(9.5559,2.64118)
(5.1454,-8.17227)
(-1.78555,6.91302)
(0.840474,-9.38168)
(-2.37794,-5.32644)
(6.34947,2.16351)
(-7.84425,-5.71423)
(0.566416,-1.85028)
(-7.30789,1.5899)
(3.02188,-1.5543)
(-0.831038,-10.6406)
(-9.92243,-4.50967)
(2.42393,5.50223)
(-1.15394,5.00325)
(6.8515,3.57074)
(-1.86805,0.127226)
(4.88054,1.12348)
(4.52676,3.80005)
(-8.50992,8.52488)
(-1.12144,2.22655)
(8.34788,-1.62283)
(-1.75155,-2.09958)
(-0.459463,-0.460873)
(-5.81232,0.678798)
(5.53612,-8.5876)
(-1.91851,2.08166)
(0.948992,3.63156)
(2.56322,-0.68903)
(5.18158,11.4476)
(-7.42087,0.709831)
(1.86128,-6.67345)
(-1.23144,-3.25398)
(3.47941,1.07978)
(2.18763,-0.889572)
(-0.0237693,1.25045)
(-4.83507,-4.98648)
(3.48166,-6.98158)
(3.4589,-1.03994)
(-10.0976,3.75324)
(-1.16363,-0.0961426)
(-10.6526,-1.24288)
(-2.44398,-8.48248)
(0.0774204,0.269053)
(-1.02812,-8.21581)
(2.30306,1.70997)
(-1.53599,2.6145)
(-3.8394,-1.03272)
(1.2194,1.01057)
(-1.94214,-4.06369)
(3.70112,-4.83677)
(8.43628,-11.3203)
(3.95266,-2.29686)
(-2.76634,0.420307)
(-7.27597,-1.66869)
(3.32432,-5.28185)
(6.87523,-2.38001)
(-2.03018,9.0366)
(-0.137709,0.723622)
(-6.3013,-3.12228)
(3.1178,-9.27155)
(5.49409,4.62116)
(7.40061,-5.53088)
(-2.35501,-1.17079)
(2.63559,7.53037)
(0.949215,-1.13045)
(-2.83006,3.38336)
(1.71781,1.50881)
(-10.6884,4.24829)
(-2.54155,2.16706)
(0.0158383,-6.78988)
(-10.3316,1.07923)
(-5.60151,-3.79721)
(8.11515,-11.2914)
(-3.42467,-2.7153)
(-5.26212,-1.17459)
(-1.60624,-0.995092)
(0.621538,-2.32993)
(-1.55037,-5.20354)
(-1.73753,1.23871)
(-4.27201,6.77579)
(-5.87445,1.1235)
(0.767703,-4.44656)
(2.76463,2.56595)
(1.45846,1.29023)
(-3.51536,0.781044)
(1.96892,0.528889)
(2.73495,-6.0255)
(-7.03768,5.3111)
(1.0586,6.55152)
(-13.4613,0.19169)
(-2.88523,5.29094)
(-0.162207,4.2773)
(0.876533,1.5879)
(4.70522,-8.364)
(-4.1861,-7.7492)
(-0.307977,-1.13629)
(-11.0675,-0.951516)
(-0.850337,-0.430705)
(-2.95235,5.38442)
(-4.68281,-3.43461)
(5.65594,-2.16037)
(-4.74385,2.49855)
(-2.97406,-1.88027)
(-9.60204,2.59947)
(3.87918,-2.74595)
(-2.30369,6.3121)
(-0.494297,0.759818)
(1.32478,-3.11542)
(-5.67183,1.90897)
(-0.824422,-2.43822)
(-8.58236,-2.63831)
(-2.01772,-3.71133)
(1.45688,0.900108)
(1.26754,-0.562411)
(-2.87589,7.47251)
(-2.03046,3.30246)
(2.23347,4.02833)
(-3.90858,10.2641)
(-2.83059,-8.77014)
(3.78994,0.951866)
(-5.66709,2.58382)
(-1.14317,0.796824)
(0.458726,2.15252)
(1.9412,-0.129098)
(-7.70317,-7.58663)
(-4.5177,-2.90469)
(-5.04966,10.2845)
(0.171205,0.895788)
(-2.87181,-1.25769)
(1.36745,0.185218)
(0.205929,4.01319)
(-0.171652,-4.38806)
(-5.91931,7.70546)
(-5.64767,1.58003)
(-1.11382,-0.908987)
(8.8158,-2.6128)
(-2.09386,-3.62044)
(3.76861,4.38982)
(-0.242276,4.94581)
(-7.47714,0.422032)
(-6.50558,8.09701)
(-0.819627,4.76686)
(5.41861,-2.89725)
(3.98131,-0.0639033)
(0.735686,-0.607295)
(0.624388,-1.25213)
(0.704235,-5.98965)
(0.366386,1.52867)
(0.986313,-5.8026)
(8.57223,11.6376)
(-1.0124,6.9556)
(4.38021,0.993984)
(2.37611,5.91609)
(0.615212,5.54795)
(4.87088,0.252278)
(-5.63735,1.81093)
(1.20327,-5.26768)
(3.15665,2.95447)
(-10.36,-4.95199)
(0.992923,7.28236)
(0.843078,6.60468)
(-4.94393,10.8134)
(-3.58306,6.78467)
(7.46026,0.608708)
(-2.79715,10.5997)
(4.30149,5.63086)
(5.1771,0.278551)
(6.87958,5.65358)
(-3.64711,-0.690077)
(9.2398,-5.66786)
(0.209093,4.81836)
(-5.89386,-6.32875)
(-0.52996,-4.57431)
(-3.33738,1.77652)
(6.66203,3.45207)
(6.98288,7.30276)
(7.77996,2.42644)
(6.59216,-1.21066)
(-2.59069,-5.36786)
(3.18069,0.313928)
(-9.97746,3.8616)
(-2.16356,3.91004)
(-0.849835,5.98724)
(4.37945,0.565329)
(1.75857,8.52267)
(4.65509,1.03792)
(-2.16137,-4.28975)
(9.20857,-4.53424)
(-2.53111,1.17221)
(2.79794,2.42859)
(-3.3329,5.86687)
(-1.91845,-3.03711)
(-7.21619,-9.17043)
(-1.75317,-2.64688)
(2.47602,7.49383)
(-3.62261,-0.384375)
(-8.73895,-5.57295)
(1.74088,-4.12875)
(4.39557,5.38618)
(-0.747836,4.18629)
(-0.153658,-1.44684)
(-1.26947,4.75659)
(3.29847,3.85558)
(-2.23071,-0.0301269)
(1.21024,0.613302)
(6.37775,7.39443)
(1.77003,1.43634)
(-1.22467,2.00856)
(3.80036,1.40315)
(0.176104,0.906232)
(2.6969,-2.6374)
(8.29835,-9.16217)
(3.27184,3.43907)
(-10.0864,-1.60641)
(1.20152,2.46923)
(-4.83189,-8.11217)
(1.75482,-2.86563)
(-1.12719,8.78001)
(-1.16005,6.32327)
(4.5878,-5.49782)
(7.51431,1.34381)
(-16.4515,1.38204)
(-0.0101647,1.2185)
(-1.08876,-2.00248)
(3.79955,5.21249)
(-7.69615,3.99683)
(-13.072,0.94796)
(3.0103,7.49529)
(3.04068,-4.32295)
(-1.16594,5.6988)
(-7.35495,-6.32182)
(-0.445702,6.21881)
(-3.39274,-2.61209)
(-4.52634,6.50712)
(0.410003,4.86042)
(-1.69094,1.48624)
(3.09663,-0.0741954)
(-1.93444,-1.09296)
(-6.19485,0.340924)
(2.69392,1.9148)
(0.348158,0.307598)
(-2.55638,0.579793)
(0.0864495,-2.41474)
(3.23808,-9.43842)
(-2.93942,6.52033)
(0.669426,-6.59471)
(-0.949345,3.01587)
(3.65198,-3.13519)
(1.53382,-2.97848)
(7.32699,-4.29117)
(-1.8718,0.644927)
(-3.41211,-5.16684)
(0.958302,8.01156)
(1.01192,2.29774)
(-8.57681,-2.18838)
(-0.755292,-5.14532)
(-7.30567,-3.25226)
(13.9049,-0.71603)
(-1.9024,11.1008)
(-4.91247,2.77078)
(-7.69816,3.19699)
(0.435133,-5.87626)
(-9.52939,-5.75653)
(2.0091,-3.1825)
(3.77896,-6.3904)
(0.953143,-1.66122)
(-0.90166,1.92882)
(2.98375,3.34059)
(5.81411,-11.367)
(12.323,6.24714)
(-0.871161,-5.42608)
(3.10973,-11.9121)
(5.88764,1.20006)
(-0.984102,-1.14291)
(1.06978,1.65185)
(-1.748,-1.80776)
(-3.59487,-0.235706)
(-5.79872,-7.13896)
(-2.2692,-5.17202)
(2.80751,-4.36542)
(5.24344,-2.1805)
(-1.12621,1.84344)
(0.135793,6.11978)
(-6.06647,3.24533)
(-0.499415,3.62296)
(-3.75882,-6.75114)
(1.69128,-2.11979)
(-0.496963,2.56844)
(-1.15864,-5.66538)
(-2.40262,0.475736)
(3.72613,6.27384)
(4.63111,3.44779)
(-3.59539,8.21029)
(-1.96867,-3.35841)
(2.57268,5.85945)
(2.37629,-6.13334)
(6.49684,0.756651)
(-4.66368,1.72032)
(5.59033,3.91203)
(1.11131,2.7191)
(-2.83302,5.12094)
(-11.0163,-7.28073)
(5.14274,10.1715)
(4.49348,5.23501)
(14.3938,-1.37581)
(-3.26987,4.5245)
(9.12826,9.80252)
(-1.58312,1.70248)
(-5.19189,-0.985836)
(4.68798,-3.09572)
(-2.65822,-5.56598)
(-2.7541,2.15354)
(-3.08991,1.06888)
(8.52415,6.02144)
(-1.44288,-1.2508)
(-0.872072,6.50617)
(-8.75656,-6.35981)
(-2.36063,-0.299853)
(1.48393,-7.00005)
(-0.780397,-2.82472)
(6.17932,-1.88703)
(-0.666455,0.879219)
(-3.593,-4.70185)
(-5.78361,-0.427673)
(-2.45672,1.74504)
(-6.59053,0.817119)
(3.15532,-0.216874)
(-8.60221,0.581934)
(-3.95625,-4.59577)
(-2.12097,-5.23552)
(-0.548899,0.894502)
(-0.434956,4.57983)
(5.66641,7.74462)
(8.4761,-0.827394)
(-4.4854,-0.274026)
(-4.10741,-0.706203)
(-1.8898,-2.92496)
(8.14018,0.723495)
(1.74264,-1.83547)
(8.71952,-3.18408)
(3.23785,-1.75954)
(-0.15049,5.49884)
(2.08832,2.31005)
(4.765,-6.53383)
(5.58181,-9.1918)
(-4.0717,-3.404)
(-2.68446,10.3609)
(-0.268392,4.98608)
(-10.1766,-0.0778568)
(0.592967,-3.2568)
(3.77371,3.4383)
(0.602068,3.0925)
(1.77029,-5.5369)
(4.49463,-10.3372)
(1.57791,0.916377)
(-0.253554,0.501249)
(0.873371,6.63625)
(-6.23782,5.7512)
(4.31626,3.99195)
(4.20792,-1.74916)
(-1.43073,4.53828)
(13.8935,3.40567)
(4.57889,-1.36137)
(-5.09599,2.05677)
(-3.04024,-1.97192)
(-9.89363,-3.32327)
(3.70739,4.33747)
(-7.99235,-0.838778)
(0.204839,1.28335)
(3.14645,-1.2633)
(10.7227,4.21035)
(-11.9464,9.5727)
(2.45666,-1.50304)
(1.44234,-5.33054)
(-1.23869,1.7907)
(1.74274,-4.22634)
(-4.32719,1.18378)
(-2.18477,3.69504)
(-2.80958,5.11682)
(0.170579,-1.55317)
(-1.2097,3.31132)
(-2.05372,-3.18405)
(-1.87486,-3.22078)
(9.17331,-2.89417)
(-4.11536,-2.68575)
(3.21552,-7.5874)
(2.88834,-4.44225)
(1.07765,4.14294)
(-11.003,-2.57189)
(-6.55705,-5.02763)
(-1.11442,-4.64632)
(8.13693,4.89136)
(-1.31514,3.55665)
(-8.50737,-3.68216)
(5.7556,8.8657)
(6.08152,3.83626)
(-7.44508,4.26861)
(1.00001,6.74028)
(-1.29811,5.49017)
(-11.0247,-3.44249)
(7.62441,-5.5714)
(1.50647,2.91812)
(-4.96873,-1.36778)
(1.95635,3.01314)
(-4.52169,4.59997)
(-0.106671,-6.50253)
(-0.780327,-6.32412)
(2.62656,-1.10638)
(1.5459,-5.16694)
(-4.54854,-4.16775)
(5.52225,-0.531608)
(4.02078,0.276761)
(2.55294,2.48463)
(-0.799703,8.37443)
(-0.811205,1.36322)
(4.53567,1.84523)
(1.56535,0.958385)
(1.8032,-5.56551)
(2.47365,-2.61719)
(4.07387,6.17313)
(6.65903,5.64731)
(-0.501543,0.903664)
(-3.93767,5.54772)
(0.561252,4.6183)
(0.506808,0.972451)
(-4.16421,-7.26854)
(6.00364,1.97981)
(-1.00562,5.16974)
(-1.76035,-2.48842)
(-4.44188,-2.79301)
(-3.36383,-2.80565)
(-8.21677,-3.08272)
(-2.01493,0.868029)
(-10.2757,6.56587)
(7.76389,-1.44602)
(5.29568,3.45045)
(2.86982,1.56432)
(-7.55987,-1.50052)
(2.03462,6.09546)
(6.18603,-0.731331)
(-1.12506,7.23145)
(-5.74192,3.28769)
(0.183425,6.20339)
(7.11781,5.59475)
(1.9249,-4.86559)
(1.64113,4.55146)
(-0.802454,-2.83159)
(-3.99956,-5.09827)
(-2.53678,7.66351)
(5.81791,6.60288)
(4.06084,-1.83501)
(-0.131934,-2.45612)
(2.62427,6.62689)
(-2.02547,-7.81412)
(-3.01702,-0.234456)
(1.87721,3.25242)
(7.04769,-4.7252)
(-4.57889,2.89448)
(-7.78437,-8.33579)
(-0.225076,1.29429)
(-7.47952,-1.399)
(2.48823,-2.6537)
(2.08153,0.777335)
(-4.49205,0.052989)
(5.60197,-0.315322)
(-13.7326,3.88573)
(3.20446,-1.84542)
(-9.16171,4.48395)
(-2.81627,-2.87828)
(4.91581,-3.20318)
(0.888757,-1.42529)
(-1.4501,3.54651)
(-0.945541,5.70711)
(-3.10714,-2.17314)
(3.35313,-6.05912)
(-3.73749,8.37266)
(-1.50483,-2.96536)
(1.41012,7.97169)
(-1.55786,-1.88967)
(-4.25107,-1.23013)
(-4.74891,-1.29702)
(5.91112,-1.72808)
(-7.64057,-7.52473)
(7.07527,-0.299007)
(-5.55081,3.0059)
(-4.53268,4.18377)
(2.86272,1.38231)
(-2.43034,-6.39845)
(-5.1271,0.506165)
(-5.94573,1.3052)
(0.0609412,0.250286)
(-2.8359,-0.25485)
(-1.71263,-4.63458)
(-0.975967,7.7037)
(-4.06234,-4.74057)
(-1.46527,-4.01059)
(5.63974,-1.66246)
(0.517099,-0.984299)
(6.00732,-4.05086)
(0.209437,5.32561)
(1.21975,-1.70212)
(-0.713146,-1.06601)
(6.68558,2.15719)
(-7.00447,-2.06568)
(-6.66261,1.68469)
(-3.93996,-4.19878)
(8.61332,-1.86259)
(1.6071,0.516581)
(1.66699,-1.51006)
(-3.69929,0.0857068)
(-11.0602,-4.53664)
(2.87667,-2.79542)
(-0.36711,-8.6197)
(5.26078,0.930796)
(2.33898,-2.2993)
(-2.0422,-5.66742)
(-4.85391,-10.8618)
(2.67029,7.17156)
(9.04578,-6.10571)
(5.23338,4.67538)
(5.8916,-2.59438)
(-10.0035,0.845762)
(-6.2853,2.8851)
(5.3972,-4.4919)
(3.37342,0.213897)
(-1.92309,9.79217)
(1.42341,1.90921)
(0.470815,-8.05961)
(-4.65541,1.22823)
(-0.652129,0.0871426)
(-1.95889,3.39111)
(2.78952,-2.09494)
(2.07024,-5.12556)
(-3.77249,-0.18741)
(8.79949,1.01699)
(6.46365,-2.67087)
(-10.406,-2.26825)
(-8.27581,1.66028)
(-1.51142,6.79356)
(-5.80262,1.45673)
(-8.71365,-6.18534)
(-3.24535,3.78251)
(-2.77827,5.71471)
(7.43417,-2.52252)
(1.97893,0.329664)
(9.76281,2.9195)
(0.605062,-3.61129)
(12.0304,1.65052)
(6.0184,9.03922)
(0.192227,7.08633)
(-9.64524,4.48579)
(3.39752,-0.575358)
(4.6983,0.748622)
(0.558811,-4.20596)
(-1.95341,-0.489766)
(4.92144,-1.87785)
(4.47382,-1.99593)
(-2.65196,3.65029)
(-3.67296,-7.56034)
(-5.42958,9.67928)
(3.41784,5.51953)
(-2.22728,-2.2301)
(3.2978,-2.87851)
(1.82617,-7.47792)
(4.48083,4.57694)
(2.03305,0.417844)
(0.958935,0.483174)
(-4.51966,-0.633489)
(3.78064,-5.8798)
(1.75957,-2.14803)
(2.03154,1.85691)
(5.82254,-3.69012)
(0.800276,1.82129)
(-6.16694,-5.05447)
(-3.28928,6.02347)
(-1.99641,-1.07996)
(-7.5362,-3.82604)
(3.03926,-0.615162)
(4.84415,-4.93253)
(3.25659,-2.55765)
(4.95139,4.86679)
(-4.6136,-1.9635)
(-0.973081,0.44336)
(-3.85694,5.19651)
(-6.84893,-4.94885)
(1.07423,4.55188)
(-6.47998,-8.16394)
(6.4855,2.86394)
(2.32986,-3.8698)
(1.6001,-6.59028)
(4.60814,-2.08842)
(3.70984,3.37401)
(-0.8353,4.74932)
(5.69428,-11.2402)
(0.574028,1.33948)
(-3.317,-0.12117)
(-10.4375,-1.22054)
(-4.31018,0.983907)
(1.59575,0.0125254)
(9.39394,-0.928493)
(5.40825,2.42954)
(10.3203,-9.69754)
(7.23166,-0.00301199)
(1.67188,3.51521)
(0.0589425,0.980357)
(1.04339,8.23141)
(4.78883,-1.6865)
(-3.73316,-0.266234)
(1.937,-2.22462)
(-5.6491,-2.62713)
(-0.650164,8.85624)
(4.91021,1.22068)
(3.92775,0.252217)
(-1.4749,2.52854)
(4.24147,0.213673)
(-6.62419,0.560035)
(2.72306,6.68026)
(1.64113,-1.29078)
(-4.53505,0.531042)
(-2.09745,6.38574)
(4.76892,-0.580473)
(-1.81387,0.514257)
(-3.79134,2.16097)
(-5.20775,-2.65529)
(1.9938,-4.71178)
(-2.99414,-2.52023)
(-0.348044,-2.58268)
(-5.62648,7.25325)
(-9.87724,-2.62268)
(-0.482418,-0.785263)
(-9.78886,0.581466)
(3.88589,-4.49494)
(1.2568,1.41333)
(-1.01345,-8.18287)
(4.54225,-0.0327108)
(3.65585,-3.28295)
(4.26258,-3.63255)
(2.72434,-2.56837)
(0.745495,4.06921)
(-2.97999,9.31233)
(-3.02685,7.83221)
(5.98489,-0.749276)
(6.57788,-7.72649)
(-2.94755,0.919457)
(-4.19381,-2.56735)
(-3.0807,-3.85057)
(-4.46681,6.57303)
(-0.45769,4.47507)
(-2.70866,1.11337)
(1.76964,-2.82892)
(-1.15244,3.92041)
(3.66078,10.8392)
(-9.24824,-2.82374)
(-4.75325,-0.945306)
(-7.88418,-1.45668)
(5.93291,0.122445)
(2.0333,0.865422)
(1.14356,-1.67961)
(-1.39161,-3.69135)
(-1.68453,3.96553)
(0.670786,-5.48019)
(-2.57092,-3.65635)
(13.4052,-0.204589)
(-10.314,4.29099)
(-2.52075,-2.8551)
(-0.765102,-0.703627)
(-1.5034,-1.55556)
(2.60213,7.14753)
(-1.73116,-1.07118)
(0.52996,6.92857)
(2.36667,-1.62351)
(-0.750014,-0.396374)
(-2.93332,-1.10336)
(5.08239,1.91046)
(1.53645,-5.57786)
(-3.23234,2.28178)
(-0.060323,7.3204)
(3.80234,4.04072)
(1.82585,-0.771917)
(1.96788,1.36005)
(-1.08834,-1.19464)
(2.44848,1.79672)
(3.64006,-2.14301)
(-1.21019,1.2219)
(-2.60727,-5.92686)
(-1.73662,-4.27856)
(3.68314,5.50735)
(-4.84011,-9.22026)
(2.26976,5.11066)
(10.094,2.20031)
(2.10808,10.6932)
(3.03281,-0.912021)
(2.8836,0.933041)
(-0.395261,0.384451)
(-5.44675,0.703742)
(-0.100639,-0.404237)
(-5.0952,2.0759)
(0.27072,5.43228)
(-2.25935,2.34982)
(-0.290706,1.77774)
(3.1789,-4.98571)
(1.4938,1.48891)
(0.261188,-6.09245)
(-0.489318,7.12026)
(0.953364,6.9399)
(2.25443,-1.10464)
(0.250827,3.3155)
(-3.68518,4.64978)
(-1.73518,-6.22881)
(-2.18095,-2.98015)
(2.62877,-2.10186)
(2.58945,-1.46467)
(-4.58019,-3.53819)
(-6.78917,-0.520081)
(2.22996,2.39947)
(1.25556,-6.20018)
(-4.80787,2.48936)
(-4.20549,-5.74953)
(0.519948,-7.44056)
(0.351529,-5.60973)
(4.55985,3.3257)
(-0.000985595,6.46276)
(6.93371,-0.0653326)
(3.97688,2.93015)
(-2.17112,-2.76024)
(1.36749,7.26548)
(5.43366,4.09436)
(2.84044,-4.03095)
(8.45701,4.1784)
(-0.387282,-0.564568)
(-3.28976,3.07911)
(0.709818,-7.86686)
(0.682355,-0.510027)
(13.5776,7.67644)
(-2.88613,-4.35264)
(0.854289,3.4925)
(-1.98726,-1.30736)
(-4.10577,3.38476)
(-0.585825,-2.37178)
(4.65158,3.00201)
(-6.8479,-3.61899)
(-4.13683,-2.7421)
(1.32478,-5.17934)
(2.93323,-5.52736)
(-3.76018,-3.45356)
(-4.69501,-0.564986)
(-1.48176,11.0499)
(3.24221,-4.32824)
(-3.92562,1.58969)
(2.11984,1.55316)
(-5.85236,3.83983)
(8.51069,-7.91978)
(4.34598,2.96771)
(-4.54512,-0.343667)
(-3.83811,-4.05799)
(-3.52852,1.94538)
(-1.49387,-5.54498)
(2.6122,8.38024)
(2.13261,-4.51116)
(-1.18271,-1.10798)
(5.0754,-0.901547)
(-3.73898,-1.5746)
(7.476,1.77664)
(2.51821,-3.59586)
(-2.32516,4.14295)
(4.43269,-0.21517)
(0.189646,-0.0437135)
(-0.365094,2.19679)
(-2.42854,-2.26347)
(9.57467,0.480457)
(0.202063,6.99378)
(-5.71238,-6.86687)
(7.31814,10.5255)
(4.54511,2.78278)
(-3.08143,-6.26838)
(-0.00563909,3.25649)
(-1.71216,0.999366)
(-3.57437,0.654818)
(6.9715,2.49426)
(6.00385,0.212632)
(-4.5256,-6.64547)
(-2.3472,-3.09945)
(-2.9492,6.26617)
(6.97274,3.25297)
(-1.80857,-1.67936)
(-5.82117,0.581848)
(-4.95701,-3.37764)
(6.13188,-0.213957)
(4.86501,1.06152)
(6.74836,-0.206202)
(-0.0211459,-5.3178)
(-0.18134,-4.51357)
(1.45829,-3.12204)
(-3.83314,-7.39144)
(-3.06053,-3.62364)
(6.53043,-1.50945)
(-5.49555,13.5195)
(6.16146,-0.453802)
(-1.40528,1.83562)
(2.72027,2.21045)
(0.478331,1.52365)
(-0.0689703,-3.86039)
(-1.81475,-1.13447)
(-3.57804,-2.74571)
(0.67121,-4.00956)
(0.336102,-4.70682)
(10.2851,-0.857866)
(-2.49927,-5.31096)
(-1.29544,2.35664)
(-0.930175,-1.71591)
(-5.27069,0.0354718)
(-12.7839,2.8983)
(-7.71203,4.33434)
(-1.64946,-4.33376)
(5.78262,-1.5954)
(4.35951,-0.388765)
(7.23773,0.0673642)
(6.08305,-4.75135)
(-6.95683,-0.613095)
(-0.276679,2.10351)
(4.88341,-0.975224)
(1.19683,7.54836)
(0.245221,4.80533)
(3.56326,-7.23255)
(3.27856,6.24109)
(2.99777,-0.713324)
(4.02851,1.04031)
(2.33883,0.902779)
(-2.69542,0.379468)
(0.188781,-5.3011)
(-1.76274,6.6956)
(4.6227,0.363389)
(-3.90844,-0.96079)
(6.79278,-1.1502)
(-2.45089,-2.85981)
(9.67147,-7.52077)
(-4.78539,0.471446)
(-0.560954,2.35446)
(-0.787301,-8.52338)
(-2.06785,2.5828)
(-1.01725,-1.27858)
(2.70748,8.45161)
(-5.64286,-3.89128)
(-2.20492,2.83443)
(1.99539,-0.256584)
(-4.04544,-7.12299)
(0.616328,-1.73331)
(4.56023,3.25802)
(1.53773,6.67951)
(-2.85803,0.516848)
(-7.75733,-1.5627)
(1.55722,1.37177)
(-1.20145,1.62879)
(-2.85046,3.45655)
(5.10082,2.722)
(-3.92339,-0.64109)
(-5.58031,-5.71652)
(-3.24693,6.00697)
(7.11303,9.22553)
(-5.84901,10.7998)
(0.185255,9.48189)
(-0.891329,6.32076)
(-2.73916,2.05719)
(0.630879,-3.16822)
(-6.31378,-7.64763)
(2.07241,-1.64795)
(-3.99688,5.5872)
(1.39343,-7.06545)
(0.135833,4.8378)
(-6.79577,1.60951)
(2.1161,9.77068)
(5.63102,-10.0975)
(4.25775,0.0909789)
(4.2841,5.22601)
(2.65117,-2.62586)
(-3.89041,0.549058)
(0.793661,-0.417412)
(6.09276,1.09254)
(5.19265,-2.78011)
(-0.522556,2.73987)
(-4.13245,5.82375)
(1.85297,-2.96111)
(-1.78914,0.329178)
(7.90049,3.21828)
(5.2814,-4.64655)
(-0.0425354,-3.99927)
(-2.70486,2.81985)
(-2.21628,-4.95321)
(1.51054,-1.59916)
(-2.20667,-0.71821)
(4.8324,-0.403704)
(-10.7201,-2.76462)
(2.75585,0.313)
(1.23935,3.03736)
(-1.35777,0.684032)
(-0.910057,-2.42419)
(-5.96125,2.21217)
(-4.25798,-1.93172)
(-2.26322,1.45891)
(5.76598,-2.11542)
(5.99574,-0.117594)
(4.93468,-2.83863)
(-0.0909001,-1.39446)
(-0.889601,3.09618)
(6.88562,0.509958)
(-3.09827,8.59395)
(1.2493,-1.79677)
(6.46775,5.66351)
(-4.92105,-8.62412)
(-1.64684,1.70745)
(2.77864,4.51649)
(1.74496,0.749205)
(-4.5832,-3.55984)
(3.01067,-1.8434)
(0.97582,-2.52192)
(-4.23077,0.209037)
(6.77585,5.5055)
(5.03153,0.236851)
(-0.0186058,2.76454)
(4.64106,-0.063207)
(-3.77549,5.67195)
(8.0987,3.45182)
(-8.74408,-1.60226)
(3.70903,3.89244)
(-4.00144,2.48181)
(-1.50709,2.66856)
(5.33433,-1.96522)
(-2.28281,-2.10123)
(-3.74055,1.66946)
(-13.4983,-9.02674)
(-3.11009,-3.11056)
(-6.49586,-1.62526)
(-1.07888,-1.84047)
(-6.70352,2.4109)
(-4.10797,0.745543)
(-10.5416,2.17706)
(-1.06694,-1.547)
(-1.12156,-1.3666)
(-3.59122,9.28109)
(-4.85779,-2.76229)
(-3.14669,-4.49754)
(-0.774563,1.9233)
(8.08114,7.26592)
(3.19769,0.0689374)
(1.42439,-2.74241)
(-2.56984,4.43026)
(-3.93065,-0.930263)
(0.549347,2.05872)
(2.1233,5.07738)
(1.64934,4.58652)
(-0.523554,0.714209)
(1.44154,6.86738)
(-0.347701,2.14324)
(1.07899,1.9011)
(-0.100802,-1.50608)
(3.22405,4.29206)
(0.629529,4.06656)
(-1.92087,11.6877)
(0.144622,-0.533537)
(-8.84978,6.96806)
(2.7508,-1.52274)
(8.00931,-8.52036)
(5.21877,-8.27702)
(-2.14105,2.18034)
(4.26635,-2.57436)
(-2.0575,2.79411)
(-4.22063,-1.83463)
(-3.52811,-5.48376)
(3.56552,-7.887)
(8.95601,1.8388)
(-8.46058,-0.941607)
(2.57571,-8.14785)
(-1.49233,3.85908)
(3.43519,0.977277)
(2.68932,-1.41886)
(-2.24478,-7.38334)
(4.64947,-0.505076)
(0.831055,2.69824)
(1.59127,1.29142)
(2.25831,-1.2274)
(-3.90048,1.63352)
(-11.4051,-0.514605)
(-1.49361,-1.17295)
(5.12774,-1.14759)
(4.59704,-10.2505)
(3.40909,2.37042)
(2.31916,4.13997)
(-4.484,-2.91426)
(0.599601,1.44721)
(6.15455,4.61688)
(-4.02746,-2.52373)
(-4.39342,-3.36098)
(-7.73719,-7.40977)
(-5.87689,-0.606484)
(-4.24149,6.23158)
(-5.90097,6.99954)
(-1.52299,-8.56475)
(9.20823,3.14554)
(-0.794738,-2.13444)
(-2.17564,-1.53586)
(3.19851,-0.630855)
(3.53662,1.04551)
(3.04194,-4.40276)
(2.87656,-1.98813)
(8.63309,-0.331314)
(3.15754,-1.74114)
(1.27174,-3.40172)
(-3.01779,3.01091)
(2.70357,2.0376)
(-3.33238,1.34587)
(-3.79731,-2.04448)
(-1.39466,8.44837)
(3.115,4.75857)
(-3.44039,1.11717)
(-0.336985,-1.12314)
(-5.75507,-3.46186)
(1.33129,1.11741)
(2.43561,-3.73435)
(2.31785,6.90842)
(4.31953,2.33397)
(-3.36169,-1.46739)
(5.75657,3.71222)
(0.229878,-2.08149)
(-6.52525,0.42358)
(-2.99683,-4.56084)
(-0.0247864,-1.57094)
(-6.35737,6.52443)
(-2.65942,0.701017)
(3.95884,-4.03346)
(0.39073,4.01187)
(-1.0278,10.7408)
(2.4317,-3.31941)
(0.456009,0.263184)
(-6.26491,-8.8598)
(1.8404,-1.51095)
(-7.32308,7.79704)
(1.27473,-1.23456)
(-4.77296,1.24773)
(1.6837,-1.62278)
(6.28704,-4.69146)
(3.06173,3.20356)
(0.516298,-2.97381)
(-4.88768,4.31765)
(8.85099,-8.35514)
(0.781569,4.75232)
(5.68471,-1.58861)
(-7.02773,-5.38753)
(-4.22174,4.36217)
(-4.35385,8.3565)
(4.64407,8.25622)
(-9.71789,0.885115)
(0.241413,0.476708)
(4.19567,-4.56168)
(-1.65534,3.60114)
(7.92582,-3.92656)
(0.995712,-2.17739)
(0.183352,2.85536)
(-1.77365,3.12917)
(4.70116,-6.49079)
(-1.07469,0.727239)
(-2.67101,-0.135723)
(-4.91933,6.46434)
(7.67104,7.458)
(4.9222,-1.65575)
(7.26161,-8.72659)
(-7.35006,-7.34661)
(6.49861,2.41158)
(-7.99394,6.3142)
(3.39166,-9.12664)
(6.45966,-5.12644)
(-0.452018,0.0687996)
(3.69221,-1.31892)
(-4.72801,-4.96127)
(3.87769,3.63792)
(-1.64269,-3.18227)
(6.99954,-2.38902)
(1.73965,11.606)
(4.10783,2.50697)
(4.79893,0.0505604)
(-6.87365,-5.78539)
(-2.30315,9.04187)
(-5.61506,-1.78031)
(-0.505543,-1.23348)
(1.38974,-0.563318)
(-0.552871,-0.738797)
(5.6622,-9.68801)
(-4.68021,-2.91707)
(9.08319,2.07401)
(-1.5641,-0.454804)
(-5.76348,-2.68016)
(6.14373,-10.8418)
(4.58257,-6.34578)
(5.01707,-5.33345)
(4.95149,-3.82085)
(-1.47938,-1.04976)
(-2.85164,-1.09644)
(-2.3059,2.89438)
(-1.11806,3.67051)
(-2.31239,3.35649)
(1.44375,2.69233)
(2.92828,-0.597026)
(-1.54186,2.30094)
(-2.36466,-6.3669)
(-0.683378,2.85901)
(0.906357,-1.08643)
(-6.89938,-0.623564)
(-1.43966,5.8319)
(-3.50466,2.88403)
(-0.0809784,3.63972)
(-11.1649,0.836189)
(7.57686,-2.67295)
(0.543032,-4.02466)
(3.20993,3.5062)
(-1.83482,-2.54007)
(3.79259,-4.05219)
(2.0307,-3.08585)
(2.30636,-5.76377)
(-3.53856,-4.34415)
(-3.58417,-3.95972)
(-1.24521,4.73945)
(-1.21164,1.31995)
(4.27016,3.73129)
(-0.201631,3.08639)
(-2.13232,0.770959)
(6.65029,1.0593)
(-2.649,4.4487)
(-2.796,0.682632)
(-1.79428,1.75862)
(-6.82073,0.371932)
(-0.67538,2.42489)
(-7.86108,-0.432399)
(-4.34845,9.18399)
(4.02778,1.27684)
(1.83313,-1.53916)
(0.244906,-7.43327)
(-2.25987,5.27531)
(-0.810897,1.4882)
(4.74024,0.589449)
(-13.1235,-0.409524)
(-13.8367,-1.9954)
(-6.40528,0.998835)
(-2.92056,-1.1768)
(4.0949,3.83209)
(7.7909,-14.3001)
(-0.0800758,-0.215056)
(4.16139,-1.08905)
(0.0554659,5.05247)
(-0.67173,-2.88013)
(0.788622,1.23623)
(-2.33435,-1.49684)
(-1.91092,-4.18304)
(-2.31023,-2.06296)
(-7.81228,12.9731)
(0.608556,-2.40498)
(8.17786,-1.16271)
(-6.96565,0.365294)
(-3.69124,-0.264431)
(3.36205,0.545433)
(0.256338,2.22235)
(8.308,3.66721)
(-1.51014,-3.34793)
(5.15069,1.78513)
(9.2588,4.78976)
(2.95766,-1.4152)
(-9.90738,3.15351)
(-2.34499,7.5752)
(1.13291,-3.38585)
(-9.95149,5.3571)
(0.190955,2.69628)
(0.634257,0.353674)
(-3.27903,3.58131)
(-3.04242,-2.66199)
(3.39146,2.79478)
(4.57285,-3.19051)
(5.07241,-8.74678)
(1.41085,1.1482)
(3.35975,-5.22707)
(1.49784,-8.37202)
(5.26437,-2.95212)
(-10.5539,1.04109)
(-0.810057,9.41695)
(3.28334,1.6662)
(6.00161,-3.51214)
(-1.42276,-1.42294)
(-4.34698,2.10586)
(13.2057,3.54825)
(0.519887,10.7588)
(3.41997,2.82257)
(5.15264,1.1017)
(1.91466,-3.89691)
(5.03671,-0.769249)
(-4.27802,-4.50718)
(1.79339,3.98444)
(3.42573,-0.355474)
(1.96269,-8.81674)
(-0.69636,-5.9863)
(0.756492,-4.68468)
(-10.2443,0.52526)
(-0.532625,3.62788)
(0.625768,-4.26863)
(-12.5017,-4.20198)
(13.8245,-0.870219)
(-1.77352,4.42565)
(-2.28127,-3.44432)
(-0.395675,8.14172)
(3.0752,4.63003)
(-5.61012,2.69974)
(8.19407,5.89624)
(6.46718,9.4527)
(2.83733,-0.960699)
(1.50696,7.32487)
(2.00347,-0.0497555)
(-9.58698,3.16657)
(2.06881,-1.53295)
(-0.298351,-1.13357)
(8.00168,3.28188)
(-5.53903,4.36706)
(-0.667125,-3.6288)
(4.1435,6.67768)
(4.11821,3.27856)
(-2.27929,-6.12939)
(-6.42318,2.44141)
(3.71666,6.56075)
(-2.81963,-4.25179)
(9.35363,-0.636716)
(0.608535,-6.15)
(2.14431,1.61835)
(1.86064,0.146857)
(-0.979417,-2.27687)
(-5.79327,-7.20884)
(1.29876,-6.77317)
(4.61405,-2.08519)
(-2.24491,-2.75025)
(5.51858,0.813386)
(8.4898,-2.9465)
(-3.64778,-4.99401)
(5.33812,-3.02009)
(2.07124,0.182979)
(3.04409,-12.1589)
(-1.39198,-2.16013)
(-10.5395,-8.63564)
(11.3052,4.74544)
(-1.38574,4.05627)
(-3.43293,0.661626)
(4.84032,-6.04488)
(-3.57237,-3.5422)
(0.0944658,-1.94179)
(1.88251,5.0164)
(1.95814,1.41269)
(-3.08312,0.483111)
(2.87713,2.29268)
(-6.90528,-3.11989)
(-10.3775,-1.20508)
(-1.23027,8.7247)
(-8.63034,-0.868597)
(-4.35705,7.94274)
(2.72211,-0.881267)
(-2.13446,-5.00213)
(1.32454,-2.0855)
(1.09197,-2.09362)
(-7.4375,6.4778)
(4.98921,3.64725)
(-2.72263,8.48047)
(3.66638,2.11335)
(-1.08098,0.544505)
(1.00105,2.92812)
(0.494769,3.62853)
(-5.64026,-1.33916)
(3.47862,4.42896)
(-2.16208,-2.14176)
(-0.105344,3.40358)
(1.27171,5.0325)
(3.88051,1.2738)
(-4.69793,-4.95299)
(6.87572,6.45997)
(2.2747,-1.42725)
(1.4328,-2.11881)
(3.15277,7.86266)
(0.265619,4.4881)
(5.13789,0.552483)
(3.46424,3.75953)
(-5.75049,-6.55708)
(-6.28613,1.37397)
(11.6961,1.57805)
(8.36322,-7.39577)
(-8.70475,1.57921)
(0.133991,2.27663)
(6.93437,-1.22644)
(8.41651,4.30735)
(4.95384,2.09797)
(3.66666,0.512542)
(-9.89226,0.1392)
(-0.191575,-0.118977)
(-5.29833,-12.3249)
(2.8131,-6.12737)
(-8.08133,-3.04633)
(-0.302683,7.09903)
(-4.218,2.51305)
(7.7953,4.37882)
(-3.54132,5.82374)
(3.38339,-0.0815377)
(-0.0113849,3.50058)
(3.61031,3.59902)
(6.87479,2.877)
(1.13148,-3.58007)
(-5.82641,1.58045)
(-1.8799,2.87578)
(-10.22,-5.73678)
(-2.17066,0.448849)
(-0.966281,2.20773)
(-2.18227,2.19583)
(2.5771,10.0234)
(0.294902,1.66584)
(-3.96741,-2.04325)
(3.43233,3.74456)
(-4.83533,-0.342281)
(1.36177,-3.01424)
(-1.22074,-3.83061)
(6.7504,2.55485)
(5.57621,10.561)
(-8.5251,0.237227)
(3.67856,4.68067)
(2.49714,4.56713)
(4.91688,-0.461348)
(1.58126,0.0337761)
(-4.80078,-6.09618)
(-6.10554,-2.3596)
(1.52316,-5.07348)
(0.965404,-5.55098)
(0.209806,0.551723)
(3.41595,3.03493)
(-5.63834,2.65475)
(-5.56647,6.34059)
(2.62608,9.85178)
(0.958445,-8.44241)
(-0.0852271,6.45031)
(0.167373,1.13231)
(-0.198517,-6.33034)
(-1.67032,3.43628)
(-9.94321,2.02618)
(2.30188,-0.804614)
(1.6946,-2.05482)
(0.601171,3.49711)
(3.26012,-11.8116)
(9.86593,4.73205)
(-2.70869,2.12843)
(-6.04404,-8.87062)
(-3.11013,0.698243)
(-2.01583,-4.16209)
(3.7337,8.09881)
(1.39006,3.60888)
(-1.6992,-1.02554)
(3.98786,-3.68523)
(-4.92108,3.81271)
(0.806518,4.9725)
(-5.89613,-3.04429)
(0.362628,5.92617)
(-4.24126,-0.773658)
(-3.36327,-1.02781)
(-0.413289,-5.27988)
(-2.89338,3.18824)
(-0.692298,-2.6179)
(-3.63541,-1.74622)
(1.20398,0.920038)
(0.522818,6.69036)
(4.14078,4.24862)
(1.63581,-1.81979)
(-2.94908,1.52155)
(-1.71183,6.81885)
(2.27752,-1.70966)
(-1.43189,-2.67937)
(-6.73981,9.02701)
(-3.68244,1.17509)
(0.113967,4.92899)
(8.6025,-4.03587)
(-3.13566,-3.42164)
(-5.30429,-8.63821)
(-8.39149,-8.36938)
(1.7886,-4.11733)
(1.61701,-0.0936199)
(-0.171366,-5.9391)
(-4.68142,-4.67734)
(-2.05288,1.85468)
(-0.766696,-2.86904)
(-3.34961,2.00301)
(-6.75896,7.99769)
(-2.06636,-3.45133)
(-4.44526,-6.86668)
(0.689259,-7.51413)
(2.13997,-1.02791)
(0.119355,-0.92046)
(1.88313,-0.90123)
(3.0235,-6.75203)
(-3.75671,0.903213)
(5.67864,2.89914)
(-0.901381,-1.83216)
(-0.934169,1.2375)
(-1.0925,-3.31896)
(-1.15368,-4.90021)
(-0.774203,-2.56973)
(-7.04845,-4.14224)
(-4.81049,1.06432)
(-0.0853319,-6.87105)
(-1.5377,0.659327)
(3.12244,-5.78009)
(2.56022,6.11585)
(-3.10272,4.31024)
(-1.0049,-5.32275)
(-4.08864,-1.57568)
(-10.1377,-3.62555)
(-1.6594,-4.05115)
(5.1734,-0.597317)
(1.22239,1.04145)
(2.48119,-5.06612)
(6.0458,1.76538)
(-2.08442,-0.506798)
(-6.4254,-2.73678)
(6.46982,2.63136)
(1.16979,-2.70465)
(3.84109,2.23559)
(6.38376,-3.73441)
(-1.40118,3.95731)
(0.677418,-1.00998)
(4.59677,-2.50317)
(-4.6784,-1.30586)
(-1.71889,-2.75961)
(3.28628,3.37459)
(6.66969,4.51728)
(3.59945,-5.62146)
(-3.32517,1.48928)
(-2.14576,5.279)
(1.74222,-4.07552)
(-4.4109,0.604696)
(-1.83843,1.47457)
(-4.26413,-0.253829)
(8.26023,-6.61)
(-0.563375,1.43973)
(-3.40506,-10.3473)
(2.73521,-2.9592)
(-4.88595,-3.32314)
(7.31077,9.92147)
(-4.29005,-1.22697)
(4.3351,3.98685)
(2.3455,-5.30654)
(1.25148,-3.19803)
(9.28698,4.8534)
(2.34919,2.36401)
(5.50756,1.02159)
(-2.42623,-11.5888)
(5.19051,-7.93868)
(-0.962749,-5.54003)
(3.73391,-1.95871)
(7.52923,-1.68426)
(3.6311,5.41136)
(0.610522,-2.34289)
(-11.9738,-3.73555)
(3.50011,-1.02575)
(-3.77782,-0.291855)
(-5.17498,-5.69646)
(-3.71771,5.92525)
(-2.46301,-4.29732)
(5.77791,1.71223)
(-1.54866,3.12482)
(-5.1168,-2.72107)
(-6.55016,2.72635)
(-0.405538,-0.172361)
(7.07881,3.39901)
(-3.93036,2.75174)
(6.72519,-3.0056)
(-3.74773,17.3523)
(4.42252,5.06117)
(1.89558,-6.08402)
(2.45039,2.99958)
(0.39723,-4.3016)
(-1.76396,2.05169)
(8.21337,-3.76699)
(-2.18341,1.12412)
(1.8353,-1.80194)
(-3.96507,-3.06986)
(-2.5966,-1.32927)
(-3.54956,3.78535)
(5.17106,3.19476)
(3.2785,4.15099)
(-1.61389,-2.39028)
(-5.83424,4.25288)
(4.40232,-5.99241)
(-4.16588,0.922231)
(-4.14515,-0.357564)
(1.53517,-2.97794)
(3.71997,1.19976)
(-0.938062,-4.38816)
(-0.975789,-4.9631)
(-0.354372,6.58906)
(2.64642,-3.28402)
(4.91732,3.03272)
(3.76396,3.51125)
(2.3822,-0.69474)
(9.30972,-8.93787)
(-2.48952,4.72742)
(-0.542732,-5.04965)
(-3.88588,-9.15489)
(-9.28949,-0.799028)
(-7.29716,0.535842)
(-2.83382,5.43828)
(-0.378857,0.783748)
(-3.17137,-5.70171)
(2.91633,-4.49938)
(5.12606,3.36937)
(0.90481,6.51292)
(3.57521,-5.29594)
(-4.17515,-0.628338)
(-3.4111,2.2231)
(8.33096,-2.27645)
(2.02125,6.17049)
(-1.91728,0.27303)
(-1.21817,-1.07144)
(-9.91822,-7.16945)
(-7.76188,5.85605)
(-0.49982,4.85327)
(-1.88873,-0.511095)
(-5.15199,4.73047)
(10.5885,-0.642223)
(4.22252,-0.59844)
(1.59017,-5.81298)
(0.700503,-7.51542)
(-2.86168,8.72086)
(1.44727,2.98717)
(-7.56818,4.65395)
(9.56218,7.15563)
(-10.0824,1.41028)
(3.34649,-0.43252)
(-9.44514,-3.62695)
(-2.3814,2.93342)
(-4.13076,7.10603)
(1.35447,-0.0246928)
(3.64488,-0.249326)
(-1.25895,-2.56708)
(-1.12529,0.851512)
(-3.17031,-0.511825)
(7.6198,2.70401)
(-3.33467,-4.72592)
(5.3081,2.69374)
(0.389495,-3.01095)
(4.20873,4.43857)
(3.04253,4.95961)
(6.57929,-9.96946)
(7.05416,-2.07816)
(-5.63913,-6.45858)
(-4.18265,-1.43371)
(-6.91269,0.180647)
(0.0907639,5.80983)
(-0.35236,-0.590254)
