(12276.3,0)
(-1.05708,1.77076)
(0.272292,-17.4295)
(-20.7381,-0.541942)
(-12.548,4.30113)
(-16.9174,19.3757)
(21.1625,6.23449)
(19.7379,29.9084)
(9.1276,-14.8788)
(12.6262,-13.3157)
(1.16849,9.03284)
(15.9243,-8.08121)
(-10.004,14.1777)
(22.8594,-8.11204)
(-9.51093,1.53547)
(-3.37588,-2.55454)
(-3.77686,7.70123)
(10.9346,0.747979)
(4.06341,0.0740784)
(-12.3923,-21.3181)
(-7.14421,-8.80025)
(-28.3354,10.8809)
(10.0395,1.29756)
(-30.2472,-4.23083)
(28.6865,-21.4669)
(-22.7045,-13.9619)
(4.3418,-8.9615)
(-8.58505,-26.1626)
(2.10151,22.5463)
(4.77051,17.4389)
(12.6675,1.79532)
(31.7656,1.92667)
(-15.456,-14.1914)
(-5.66619,1.53329)
(-1.49946,-14.5598)
(-23.2856,-17.5681)
(-29.7547,21.5084)
(-3.65452,3.21433)
(-5.75184,-0.81909)
(6.06374,-18.5115)
(24.9929,6.82935)
(-10.2333,-6.66929)
(-12.5254,1.88501)
(10.7256,15.8878)
(2.71443,-19.5388)
(15.3782,-10.1081)
(8.74898,13.4982)
(-9.5141,17.1051)
(-1.13657,-2.35124)
(-8.50147,-16.3148)
(-21.8915,-1.60753)
(-27.8685,2.39708)
(-11.6576,27.4647)
(-1.6282,15.1489)
(-7.46857,-14.1823)
(27.9291,26.8136)
(7.14659,2.08422)
(11.2919,-10.5338)
(14.7519,-9.09815)
(7.93926,9.85206)
(-1.06312,-19.7672)
(-2.92737,14.8893)
(-2.81419,13.1645)
(11.1599,-3.59928)
(4.60552,8.93382)
(-12.4354,1.07269)
(-12.4976,-2.76669)
(13.207,17.9772)
(-17.5027,-12.7586)
(-4.84168,7.17083)
(9.83549,-12.453)
(15.5132,-9.58427)
(-10.6487,-11.3561)
(-7.7898,3.98781)
(-11.8952,9.20958)
(5.5059,5.40583)
(-6.55024,-3.37237)
(24.6401,11.301)
(-5.29188,-6.15506)
(1.19169,12.9048)
(7.35116,-8.99875)
(5.68673,18.2521)
(13.2675,-15.1835)
(-11.2432,-52.0568)
(20.1756,9.01679)
(-11.7911,-8.25523)
(21.2364,-10.197)
(-1.21662,0.517083)
(-19.6505,-8.17905)
(-15.3504,8.1632)
(-4.64599,-9.37446)
(17.3337,-5.13668)
(-7.38904,12.8919)
(-11.1531,-17.7758)
(-15.525,17.0894)
(-11.3335,0.875564)
(10.5003,3.07725)
(-35.9215,11.2066)
(1.83157,7.02867)
(10.8933,-16.2341)
(22.5877,5.05278)
(11.2017,5.87612)
(-2.88825,16.6201)
(15.5715,23.816)
(-7.2787,34.7663)
(16.5227,-3.06478)
(7.04757,-7.09202)
(27.8609,-14.5602)
(3.75444,9.5941)
(7.0365,15.9196)
(13.0053,-11.9606)
(-12.8702,3.6809)
(21.9323,-29.7644)
(-14.6578,9.96943)
(8.20562,8.87761)
(-10.2152,31.042)
(-1.69013,-4.31919)
(24.7807,19.83)
(-12.7924,0.761487)
(-5.5153,-4.4237)
(-13.2327,-1.81409)
(5.22665,12.2265)
(-6.43729,-15.837)
(-9.9755,-4.46783)
(10.7983,16.8644)
(20.0091,-13.5518)
(9.85884,-10.1238)
(-5.15666,8.27882)
(-14.0352,3.91758)
(13.7903,7.50951)
(2.03225,3.02994)
(-4.20355,-11.8719)
(19.1513,11.2032)
(11.5233,-6.70678)
(3.50937,8.11396)
(19.4095,-7.89407)
(-19.2762,8.21035)
(-6.25326,1.52039)
(18.1374,-5.29613)
(7.44358,15.1984)
(3.66717,-3.12436)
(15.5202,1.79195)
(-4.9782,12.1535)
(-30.4132,10.8767)
(-12.2659,4.72705)
(-3.01471,15.9683)
(-9.30816,-12.9307)
(7.68067,-18.3476)
(9.36732,17.3403)
(-4.6131,-1.97798)
(-0.255996,20.6131)
(-14.4315,-3.19295)
(-21.1454,12.4267)
(-2.32261,7.70918)
(-3.46103,14.7006)
(-3.2775,9.95687)
(-2.80251,-3.71251)
(-2.70414,5.49647)
(17.0359,-8.69741)
(-11.2701,-2.70964)
(9.0705,20.2561)
(5.64939,2.70369)
(0.358064,2.76138)
(6.4199,3.08373)
(2.06778,22.5424)
(-13.3358,20.6)
(-6.19909,10.354)
(-20.2769,-23.9931)
(-10.0488,-6.00902)
(-2.30009,8.60713)
(-6.15863,-5.56404)
(-14.0443,14.032)
(-0.514098,17.8173)
(4.85102,0.28086)
(5.3658,12.352)
(-25.1745,25.1081)
(-15.9129,25.9146)
(-9.40697,10.2649)
(25.8075,12.1076)
(0.341901,-14.787)
(-11.0473,-3.52527)
(-20.2194,-27.081)
(-4.29567,8.03812)
(6.83256,5.12898)
(-5.13548,-20.4565)
(-8.84725,-4.56465)
(4.90743,5.45936)
(12.4223,-12.7459)
(1.56845,-20.0711)
(3.61194,-2.76011)
(-10.9062,5.23865)
(-2.07689,7.85369)
(-8.68015,-9.56472)
(-1.23987,15.8397)
(-10.0898,3.08344)
(-12.7238,2.32097)
(1.08788,-17.7785)
(-17.6884,9.13286)
(2.41955,-14.9175)
(-14.7632,-11.4381)
(11.9636,11.0557)
(-5.09759,3.07662)
(4.17019,-10.8266)
(11.2011,-24.2964)
(-6.0475,12.4863)
(-9.33039,-2.09473)
(-18.1321,26.6119)
(-8.12606,-6.38528)
(29.5978,-14.1961)
(9.78037,35.4348)
(1.80351,-10.4913)
(5.08379,6.16446)
(6.90565,2.41384)
(-29.8296,-6.07853)
(-5.01095,-10.3088)
(-0.595551,18.991)
(0.50212,-3.39694)
(-0.255681,-19.3509)
(2.87533,25.3272)
(7.87824,-29.5554)
(-16.6994,-19.0218)
(-16.915,-7.96425)
(10.2479,-9.10478)
(0.629418,-1.65517)
(2.89621,16.653)
(4.56948,15.2204)
(-18.3166,7.07881)
(-14.4024,18.2886)
(4.74379,-0.101328)
(14.7507,1.38404)
(7.49142,-13.7014)
(11.0357,-14.042)
(-25.5753,-0.711682)
(16.7286,-31.6831)
(20.2512,-7.66455)
(-3.66221,11.4918)
(4.0853,9.04271)
(-14.506,1.02684)
(10.297,-11.2337)
(-11.9022,6.12974)
(0.884706,-4.99751)
(7.73129,-30.0702)
(-6.54682,-6.58749)
(-2.89884,-6.6232)
(-6.51197,-1.34655)
(-30.6601,17.2103)
(-5.6397,-8.62735)
(-17.4792,-4.74134)
(3.39445,10.7402)
(20.6244,-8.63101)
(10.8309,-10.7971)
(-0.0341547,-10.5017)
(10.1502,0.244613)
(-10.624,-17.4712)
(23.3859,-13.1364)
(-12.654,-7.53915)
(-0.90805,-21.2971)
(-24.244,9.13898)
(8.4393,18.3821)
(-15.895,36.9747)
(-0.574724,0.356931)
(-29.6768,-0.417601)
(11,-1.53763)
(14.8615,-6.29391)
(25.2495,-12.922)
(20.8031,3.67933)
(0.401972,-6.82989)
(-26.1143,-4.73763)
(25.0897,22.1873)
(35.0882,-4.73414)
(-18.8584,-4.1219)
(-17.2515,19.6712)
(10.3927,-11.2786)
(15.4137,-1.65745)
(0.796858,-13.4643)
(9.45832,-23.588)
(4.2984,6.35643)
(6.82409,4.28176)
(20.6272,-19.3799)
(-14.0938,14.859)
(11.6415,-3.82139)
(3.81514,-15.0975)
(-0.316031,-10.2107)
(-6.48624,6.42527)
(10.4358,-13.2869)
(-16.9208,4.01748)
(1.48431,-10.8856)
(3.00315,-8.78436)
(-3.24293,-1.63351)
(10.9991,-6.34005)
(-8.1679,-25.4414)
(14.9676,-10.9418)
(-22.3125,-19.4334)
(3.27592,6.28085)
(3.97361,6.2565)
(-6.40337,15.0064)
(8.16633,2.6438)
(-13.0711,-23.8282)
(-25.891,2.60579)
(-3.6908,-26.1741)
(-31.1324,3.61523)
(-20.7159,9.35966)
(8.63139,-6.87803)
(-9.24936,-1.44933)
(5.87443,-4.23807)
(5.64752,-15.0492)
(0.283397,5.82536)
(-10.7171,10.6266)
(14.521,18.1346)
(-10.2988,-1.98488)
(-4.15721,-12.1688)
(33.9157,-14.2363)
(-31.6186,25.9069)
(-4.17594,6.48039)
(9.13227,36.4767)
(6.21372,-0.548938)
(16.0144,9.06026)
(-10.9433,14.982)
(25.4694,8.83949)
(16.5558,-2.44016)
(-6.73473,8.25074)
(13.8422,6.25558)
(3.89627,20.3195)
(-17.3798,21.6265)
(-2.93825,6.83061)
(5.58191,-0.44057)
(6.43294,-4.85505)
(1.8256,18.45)
(28.0609,1.91015)
(-8.45888,12.7554)
(11.15,-19.6822)
(-19.2695,-7.32422)
(-6.83788,18.3882)
(12.3546,-9.83567)
(12.4305,-20.033)
(-2.00138,10.8864)
(-16.6171,-13.1012)
(24.0051,-9.84563)
(-0.895052,3.40071)
(6.20643,4.59885)
(-28.761,-9.49972)
(6.01041,0.149267)
(4.52088,-21.9746)
(8.51198,2.8821)
(19.4015,-28.3581)
(24.5822,-17.6887)
(-16.8303,-8.09923)
(9.2256,-13.8901)
(-1.18702,-24.4252)
(-6.84381,10.333)
(-5.32057,-13.2769)
(41.4736,2.61066)
(-37.5051,12.6059)
(1.8773,12.8059)
(-1.59787,-10.8836)
(-30.7328,-1.57578)
(2.26948,14.054)
(-2.08908,17.9589)
(5.88807,26.4502)
(10.2772,1.06642)
(5.38016,-11.9533)
(-12.8341,13.5215)
(15.1101,2.30775)
(5.74398,11.6907)
(15.4579,-3.3051)
(10.2599,-8.4677)
(1.55966,-32.2765)
(39.6171,-10.6448)
(-13.0409,-6.31759)
(-4.26827,4.26883)
(18.0048,10.5364)
(9.85003,-4.99861)
(-2.43017,-28.2509)
(-31.6618,-3.12326)
(15.7931,8.85635)
(4.49352,25.116)
(10.0793,15.6812)
(4.23255,-3.44461)
(15.2172,26.2403)
(13.7186,9.57152)
(10.1744,-8.38434)
(-9.12726,7.98596)
(-9.8371,-10.7439)
(1.90277,-1.06102)
(0.572864,-8.08884)
(-29.8545,-16.0713)
(3.39874,10.1576)
(-7.03497,-22.7256)
(-29.7221,-9.46054)
(8.87298,4.24561)
(27.7764,-14.3693)
(15.4521,-5.35539)
(-4.53041,10.0438)
(24.924,-11.0016)
(0.769014,-6.66704)
(10.0861,-1.6363)
(-11.0737,0.793294)
(-20.8969,-1.09588)
(24.5336,3.48812)
(1.82567,7.21494)
(-23.4368,-38.9194)
(-6.9307,6.18887)
(-5.73277,12.5491)
(-7.00304,4.49052)
(2.36587,-3.7087)
(-2.01519,8.64039)
(0.166398,-15.1574)
(12.4842,3.26716)
(-0.240227,0.645167)
(23.3727,42.9002)
(12.2847,-11.4963)
(-8.76167,3.53039)
(-19.2158,-2.99651)
(-41.51,5.98619)
(-39.3706,1.22857)
(14.2207,-1.76835)
(-2.43269,-4.46459)
(-6.77962,-15.8259)
(0.734719,22.2998)
(5.49938,4.61747)
(12.0833,-3.83051)
(-13.0453,-27.552)
(-23.5833,1.2972)
(-2.02614,-7.27467)
(-20.4622,-1.1158)
(-5.38283,-5.27586)
(-8.38799,-2.0479)
(-7.94701,-13.3461)
(19.9509,-3.17791)
(-6.39695,-2.31288)
(-0.604894,-9.25918)
(12.8105,-11.1939)
(-3.63492,-3.95986)
(-3.73563,-14.2183)
(-10.7525,11.8791)
(-10.6157,13.0325)
(6.91908,17.2913)
(6.09211,9.25754)
(11.3778,12.1566)
(-5.50446,7.62021)
(9.6298,-10.5186)
(1.62909,12.074)
(22.7306,8.01886)
(-33.4947,-2.50857)
(-0.242935,-10.9192)
(-10.514,-8.6521)
(-4.31899,-17.4957)
(-20.6981,1.87069)
(2.71907,3.25928)
(-2.05013,-8.57703)
(-7.09399,19.1007)
(-4.62558,-6.90283)
(8.78484,1.79108)
(4.33126,-8.077)
(-6.93716,-10.0695)
(-3.35419,-11.0115)
(-6.91771,-8.68315)
(-8.55491,3.28931)
(-4.43813,3.14929)
(14.8545,11.4626)
(15.0512,16.0004)
(13.7477,19.0374)
(18.4312,32.5255)
(-17.2905,8.04048)
(-4.69231,1.36441)
(27.2496,-6.22204)
(-14.0406,8.75121)
(16.9866,29.064)
(-1.65861,2.21639)
(4.16922,1.68995)
(-1.51663,3.70044)
(-16.8452,5.34093)
(-6.90946,-27.1256)
(-20.6209,17.3562)
(14.3968,-0.151681)
(12.3235,-7.52091)
(5.21894,-34.818)
(20.9986,7.16707)
(-4.92808,9.5468)
(11.6331,-10.9138)
(-14.184,14.8838)
(11.0766,3.95677)
(-1.35606,-0.206399)
(19.379,15.3793)
(10.175,27.3799)
(-23.9818,-18.9426)
(19.4958,-7.23474)
(-22.0502,22.0398)
(21.7848,26.1798)
(14.7666,4.96726)
(23.0131,-22.374)
(-14.758,-19.393)
(-8.01304,0.40717)
(-3.22407,-2.18172)
(14.1035,19.4724)
(-5.32096,-9.38752)
(0.550057,-8.56608)
(2.98714,6.53216)
(23.7775,11.7797)
(-4.96603,-10.8034)
(12.587,13.685)
(0.72424,-1.43012)
(-29.1537,-2.65534)
(13.9322,-24.7686)
(-13.0616,-25.0695)
(-12.6652,-13.0865)
(-21.0832,16.1626)
(17.0541,4.76582)
(2.34471,-14.257)
(26.553,25.0654)
(-14.663,-12.9529)
(1.5489,8.92143)
(9.18519,-9.61067)
(18.8611,14.0744)
(5.05111,4.86834)
(-14.3189,-3.74318)
(3.8242,3.70367)
(-21.9693,-23.3911)
(5.5212,4.53286)
(-18.7947,26.5794)
(1.36803,-0.789551)
(7.2951,9.95824)
(-3.08339,-32.2225)
(1.17219,-12.0356)
(11.8765,12.1004)
(-7.97827,-2.10305)
(-19.0721,-19.5733)
(-0.0743591,4.71283)
(-8.99049,13.6825)
(-19.5757,-1.27074)
(0.689634,6.24448)
(17.2697,-11.1367)
(-10.0851,4.40218)
(12.9586,-7.0019)
(6.95355,-20.7252)
(7.30682,11.2031)
(3.99388,-3.35223)
(-17.2652,10.3856)
(-1.01096,3.36942)
(-10.3212,-3.35152)
(9.345,-14.2757)
(-4.18398,-25.3451)
(-11.3919,6.13343)
(-9.99714,-4.0376)
(8.11072,-6.1128)
(-9.05338,-9.03274)
(3.81523,10.2052)
(9.47261,5.22341)
(25.8993,0.993941)
(8.62967,5.96438)
(9.12583,13.2083)
(10.6099,-3.13654)
(9.59552,1.89257)
(-6.52693,4.60758)
(-2.38421,6.40333)
(27.6247,-9.43662)
(-4.56897,25.6943)
(-17.7029,-20.9986)
(-12.7245,-18.6947)
(-17.6307,1.81945)
(-23.2116,22.2293)
(-13.1803,10.083)
(-12.0824,7.57119)
(18.4637,-13.8507)
(1.7988,-4.34163)
(-13.452,8.74278)
(6.95748,-12.4199)
(10.2273,-7.11125)
(13.7911,30.7514)
(15.3832,3.44278)
(-4.48082,3.51884)
(-34.2154,1.54382)
(-11.7014,-4.90055)
(6.77494,3.6822)
(4.7738,-3.87426)
(2.49316,-8.09472)
(13.9484,1.51523)
(-6.73435,22.15)
(8.06795,4.25659)
(10.3056,-2.93183)
(-4.47699,-11.5772)
(7.72712,24.4436)
(-25.3817,2.82482)
(26.868,-5.51639)
(10.6966,23.661)
(-10.5843,16.4513)
(-12.6619,5.50389)
(-6.17249,-8.38234)
(12.7991,7.72307)
(-6.42314,-6.54101)
(15.6563,24.831)
(24.0279,25.5611)
(8.25241,4.56821)
(-26.5493,-20.9042)
(0.433865,1.60061)
(-5.76262,-35.0632)
(1.88859,-12.1997)
(9.67214,-12.8762)
(-0.302405,4.51823)
(3.23698,-5.70329)
(-1.0431,-6.42971)
(4.32463,-20.6021)
(-1.57066,-2.14263)
(4.94803,-13.7596)
(6.36989,-15.2321)
(1.64804,-6.17617)
(-11.7919,2.79079)
(-7.70952,-13.2908)
(4.27316,8.22722)
(9.59307,-0.206812)
(24.2434,-21.7978)
(-2.32369,-5.76991)
(-9.44007,13.4926)
(-14.5734,8.28686)
(-10.7737,-27.8433)
(-3.36468,4.09981)
(-3.20081,4.641)
(-31.6247,-6.53119)
(-12.3239,-2.23663)
(-20.1106,-7.23269)
(-3.23663,5.52142)
(-19.4876,4.87577)
(-9.33028,9.33167)
(-40.495,27.0802)
(-11.2217,-5.00837)
(-6.84843,6.30369)
(16.003,5.89567)
(-4.52127,-8.00567)
(-12.0043,-7.44544)
(11.1271,-11.6773)
(-26.2322,4.80677)
(24.2961,-10.3555)
(-11.3265,-17.0158)
(13.9232,0.189621)
(-0.0558175,-8.29363)
(15.0946,-0.710553)
(20.3276,-16.5165)
(-12.6923,-0.627111)
(2.92746,7.56577)
(9.032,5.53019)
(-13.7496,10.6795)
(5.23488,-2.24762)
(8.33593,-13.5495)
(-4.94051,-5.12235)
(-14.7631,25.8724)
(19.4033,-16.9905)
(3.74791,5.39032)
(-9.2948,-25.7818)
(20.6569,-1.52987)
(-2.6688,-9.28854)
(-0.2727,4.18338)
(14.804,8.51588)
(17.9872,0.352781)
(17.2979,6.34626)
(-6.78965,-4.37672)
(-12.7739,5.79516)
(-17.8838,-6.63652)
(-2.73017,7.27257)
(-4.0733,-2.05209)
(3.71805,-9.11208)
(8.26755,-0.939)
(-32.1604,8.29387)
(14.4972,1.21111)
(-6.62001,2.15463)
(4.53161,4.79748)
(-6.64883,14.8596)
(-8.11459,-8.45956)
(-0.127606,11.9978)
(15.8442,13.9397)
(23.7015,-9.65483)
(-5.36741,-0.987533)
(5.55891,8.88333)
(-12.3974,-17.4712)
(-1.56767,-8.21961)
(15.5779,8.34033)
(18.2783,-3.27762)
(2.38098,1.25224)
(-11.6712,-1.64717)
(7.9535,7.87759)
(12.8523,-15.678)
(12.7733,-0.272937)
(16.8931,30.2926)
(6.34829,-29.312)
(-20.3873,-4.82852)
(0.407499,-14.5134)
(4.18028,21.1963)
(-11.9906,-16.7616)
(6.21723,4.94385)
(-18.9413,22.9429)
(1.89264,9.50465)
(-8.21747,-6.17158)
(-2.67399,-18.9623)
(0.555765,-28.4457)
(-17.547,-32.3993)
(21.3391,-27.6766)
(-9.74079,-18.0209)
(-16.7409,17.1496)
(-11.7702,1.92327)
(15.3025,-8.16601)
(-8.55138,-10.3697)
(-3.60436,-4.88636)
(4.67167,-4.1153)
(-23.272,4.68811)
(-8.57409,-1.55054)
(4.61319,-20.0385)
(13.6807,-9.77406)
(1.84898,5.19994)
(-12.1363,21.369)
(5.98617,0.769751)
(-6.61477,-8.50329)
(-16.9286,11.6738)
(8.12245,-25.3548)
(-3.05175,3.83574)
(-6.20354,-7.74841)
(-2.3619,25.5702)
(-1.68286,-7.06338)
(-14.3562,-1.41434)
(29.0144,22.5623)
(-7.35266,8.57943)
(20.3783,3.45059)
(-11.7253,2.88237)
(13.8681,-1.09017)
(-5.28822,-20.0868)
(0.566344,15.9033)
(-8.08626,-1.1384)
(7.01649,-2.70834)
(12.0855,-3.12092)
(8.99332,2.13997)
(9.83569,-18.7233)
(10.6898,21.6977)
(0.735663,-14.416)
(3.59049,-22.6451)
(14.6502,2.92567)
(-0.830038,-6.31054)
(-20.8705,1.83928)
(18.2491,14.254)
(21.7132,-0.202093)
(13.0785,1.16629)
(17.3479,4.7862)
(-4.94838,13.0013)
(-23.1361,-13.003)
(-38.3517,-8.69491)
(-15.8121,-0.106415)
(-2.79052,5.14774)
(-3.88633,-7.06991)
(-7.49781,15.9329)
(30.8552,2.5736)
(1.00831,14.1205)
(2.01363,12.0287)
(-10.7341,8.23714)
(-5.44424,3.4034)
(-0.206911,11.5812)
(1.43499,-4.57095)
(8.16081,-6.63134)
(-4.21583,-5.50687)
(18.4844,1.36141)
(-16.4867,-40.5585)
(19.5913,4.52836)
(-9.1816,10.8709)
(-11.4994,22.1743)
(4.37488,9.36613)
(-0.544019,13.5407)
(-0.0634376,15.9534)
(20.2451,0.618605)
(14.595,-3.18457)
(18.3956,0.641871)
(-14.871,10.1329)
(-17.4635,-1.74554)
(-5.42572,5.03807)
(20.9182,-9.75891)
(-8.84761,-18.7985)
(-7.04159,9.29836)
(-13.5768,19.9364)
(18.0115,-0.637897)
(20.9145,-7.48279)
(-10.7231,-1.96446)
(-5.13648,-2.9981)
(-0.0169173,-9.76947)
(-9.24429,18.8051)
(13.6353,-8.34835)
(21.9544,-31.5765)
(-17.1371,20.6006)
(0.606189,-20.9813)
(28.724,-1.44137)
(-7.28561,6.79042)
(-1.09528,-6.59036)
(0.568939,0.131141)
(13.2981,0.64551)
(-6.97549,-12.4289)
(7.55462,10.7876)
(22.428,-5.32992)
(-11.2169,4.7238)
(15.2262,2.70464)
(-3.54813,3.32393)
(6.39784,13.5335)
(7.83661,-25.1407)
(-4.48162,16.6349)
(-10.5856,-5.83615)
(-11.5143,12.174)
(-13.6354,1.031)
(13.0379,-8.90313)
(25.5321,23.7594)
(-17.5571,-11.5195)
(6.35952,-4.65948)
(-11.7769,-4.76908)
(9.72663,12.9847)
(-4.44528,-33.1497)
(-14.085,1.69496)
(-11.2805,10.3607)
(8.79968,16.5821)
(3.97435,15.538)
(-12.4105,8.22629)
(-20.5437,10.857)
(13.9547,-9.00603)
(-1.75747,7.11533)
(-12.3173,-10.1543)
(-5.96177,3.92208)
(2.56287,-10.4775)
(-8.65838,13.0579)
(40.7329,-23.0293)
(2.04706,1.53008)
(2.12945,23.6006)
(-9.86927,-9.23734)
(-1.16185,1.6937)
(25.371,-12.5352)
(8.52133,12.0928)
(16.301,-12.2831)
(4.10247,-21.7964)
(-6.51335,8.28071)
(11.9306,-8.79044)
(20.8011,0.195998)
(-0.00295678,-19.3883)
(13.6796,-9.97709)
(1.05459,16.8292)
(1.55985,22.3217)
(-12.6165,17.2486)
(-14.4236,-7.46809)
(3.76667,18.6006)
(6.68987,-7.1984)
(-20.3675,1.56024)
(-13.7406,10.6146)
(7.76834,4.39402)
(7.8863,6.30559)
(-6.54286,8.94045)
(-5.20555,18.6864)
(-11.0556,-13.9493)
(0.752482,-9.94651)
(6.76329,3.31393)
(2.86009,-20.8197)
(-1.46796,-21.3608)
(0.783563,18.2774)
(4.4814,-4.46673)
(9.53671,14.9571)
(-0.872117,-5.33322)
(-6.77804,-7.04946)
(0.812161,-16.2968)
(-15.2856,-6.22769)
(-0.301917,1.21271)
(-16.3402,-2.11123)
(-1.18578,-1.15335)
(8.65081,-2.79912)
(9.09842,2.73606)
(6.32425,-32.0797)
(30.2819,-6.60093)
(6.80928,-15.332)
(-14.5203,27.6608)
(11.0494,-16.522)
(-5.20985,12.8357)
(-7.82181,17.7806)
(-3.63057,-3.6657)
(10.9202,6.42904)
(7.34544,-5.39015)
(-3.26501,3.58393)
(5.90365,-4.08014)
(5.47754,2.31575)
(11.407,-12.1222)
(-0.180969,-21.9612)
(-9.69701,-6.84533)
(4.60935,16.7336)
(15.2472,-5.73137)
(-8.79997,3.31008)
(-2.25004,1.18912)
(7.1,4.87054)
(1.58988,-20.7857)
(-5.19347,3.21355)
(7.80639,-21.4426)
(-4.5102,4.66669)
(-2.29531,2.11088)
(-7.56225,8.56529)
(-30.942,-12.873)
(40.2157,0.613766)
(-7.71277,10.9691)
(2.01236,16.4406)
(-5.05358,-11.8966)
(-4.17484,11.0741)
(3.43069,5.03883)
(6.0999,-2.59626)
(17.7987,-0.367336)
(-23.6525,4.37003)
(-14.2598,2.83592)
(-27.7447,8.47121)
(10.9823,-32.5175)
(-3.45733,-11.7612)
(5.30893,8.48676)
(-8.12597,-3.34011)
(-1.37307,-13.4252)
(-13.4004,-19.7191)
(-9.24209,11.5517)
(-12.5814,7.70205)
(-8.84266,-2.75837)
(19.7336,23.1795)
(17.9547,2.24783)
(-9.08054,-23.4966)
(-8.93998,-27.937)
(2.23649,-12.2076)
(8.17303,7.70511)
(12.7877,10.8977)
(10.9675,9.84886)
(13.6268,0.0981325)
(-3.04035,24.5486)
(3.77039,-4.23999)
(11.6577,13.4848)
(-29.3666,-1.7444)
(-1.44725,2.35579)
(-29.6317,7.86803)
(-16.8794,-21.7598)
(-1.04413,7.74805)
(-8.98243,7.56069)
(5.98139,14.1353)
(-15.6233,7.96586)
(-11.374,-6.4829)
(-5.44161,-1.54277)
(14.3068,1.74142)
(-6.29234,-19.1572)
(-13.6052,-1.59313)
(4.92339,3.87234)
(8.16918,-20.0408)
(-19.8726,-1.6801)
(12.7244,-0.64102)
(-4.4247,-7.58561)
(11.7833,-0.75665)
(14.7306,-3.66205)
(-1.95049,-26.5687)
(-16.9473,7.88138)
(5.81101,6.67387)
(-11.1995,0.798702)
(14.3665,5.0595)
(3.13018,-24.6942)
(0.176827,-2.94107)
(5.01565,-10.5456)
(21.695,0.00903597)
(30.961,29.0926)
(16.2247,-7.28863)
(28.1818,2.78548)
(4.78726,-0.0375763)
(-12.9305,-2.95172)
(-31.3125,3.66161)
(-9.95101,0.363509)
(1.72208,-4.01844)
(17.0828,33.7207)
(-2.5059,-14.248)
(11.1295,-10.122)
(13.8244,6.26527)
(4.80031,19.7708)
(6.98959,11.6094)
(19.4565,-8.59182)
(-19.4399,24.4918)
(3.22268,-13.6556)
(-20.5468,14.8465)
(-11.5708,-15.5895)
(-2.91924,-1.33008)
(-13.8408,5.89049)
(14.8542,-14.6004)
(9.76978,7.67296)
(14.5325,14.7976)
(9.11779,1.84549)
(-22.6086,11.4781)
(-5.98924,3.23989)
(-9.86784,-18.0704)
(-18.5008,15.1634)
(2.40083,-5.46386)
(17.4676,11.0704)
(6.09462,-5.57073)
(5.27871,6.44408)
(11.3419,17.6394)
(-13.559,1.90047)
(2.87681,-1.44952)
(6.09914,-1.25353)
(13.4425,-13.7308)
(5.4785,22.4338)
(9.89341,8.63553)
(-6.68183,6.6903)
(10.2535,-16.5586)
(-16.2887,-29.0378)
(-11.0189,22.681)
(-7.95588,-10.9509)
(13.4215,5.98778)
(14.7643,5.63356)
(-5.86022,1.4693)
(1.67643,12.6179)
(14.0949,-2.24587)
(10.1926,1.72607)
(-28.9357,-13.4574)
(0.57668,-21.259)
(18.0552,-27.1177)
(36.0912,-4.95155)
(1.81519,10.8339)
(29.2884,-8.75849)
(5.93679,-0.988992)
(22.3025,7.56757)
(-8.33481,-17.1441)
(-9.73606,-11.3475)
(-26.1409,18.556)
(-17.4078,-4.37018)
(-4.53425,-20.3807)
(-24.8274,-4.98084)
(-31.218,6.80476)
(19.391,8.0126)
(26.3985,-3.05098)
(-11.3175,0.56223)
(6.21072,15.3767)
(8.36857,6.28483)
(-5.87667,-10.1733)
(-1.95639,-0.261428)
(-13.9662,-3.68468)
(1.41245,24.1788)
(4.27022,-5.72763)
(-5.76927,-29.3765)
(10.1203,-0.641691)
(16.1916,13.4757)
(-18.8559,-8.6553)
(-30.0104,-2.53728)
(17.6748,7.78313)
(15.7001,-14.0261)
(27.1373,18.3171)
(8.01086,-21.5147)
(-14.5617,32.5853)
(-6.12661,17.0023)
(7.01695,6.89791)
(15.7823,-2.79239)
(-1.10133,25.8591)
(8.63002,8.38627)
(-33.1807,13.6099)
(-11.0979,-0.25712)
(5.00097,4.53018)
(4.8213,-1.54974)
(25.8399,5.58777)
(-11.8199,12.5963)
(-19.9878,-5.05408)
(-21.0134,6.19704)
(20.0567,-6.47158)
(-2.13944,3.19804)
(3.65926,5.10637)
(0.628311,-15.9768)
(18.022,12.1526)
(1.5513,2.9529)
(16.9192,4.98737)
(-4.3958,12.0318)
(-12.187,14.2217)
(-2.9279,-23.1111)
(-5.1379,13.9037)
(-8.5077,0.76455)
(0.182824,-0.750858)
(-17.8372,-3.91559)
(-15.3813,-1.5185)
(-7.29101,19.1954)
(8.58815,-4.14692)
(-13.598,-12.5513)
(-16.6524,-9.01769)
(21.2258,0.897022)
(-22.9217,22.5742)
(17.7334,5.18425)
(-14.2467,3.89105)
(-12.7532,3.69038)
(-4.67359,5.669)
(4.23035,-23.9151)
(-4.5145,8.89608)
(-11.2125,-25.118)
(10.0594,18.1774)
(-9.32143,6.51941)
(-2.83662,-17.1213)
(-4.35031,-10.6395)
(2.66627,4.27586)
(14.7474,9.60955)
(-8.44882,8.63483)
(-27.4851,-13.4518)
(9.61339,5.53625)
(-41.1979,-11.6572)
(16.8059,0.945967)
(-13.4762,-0.158967)
(6.2446,-2.332)
(7.46469,7.96109)
(-22.4386,4.19701)
(-0.675227,-3.88288)
(-23.3531,25.0074)
(-13.7367,-8.68345)
(21.1431,14.1756)
(5.63163,-9.75726)
(-9.05107,0.703369)
(-6.0764,23.4424)
(7.87282,-19.8807)
(-0.395801,7.36837)
(12.1825,5.50502)
(17.4537,-19.8086)
(-7.61034,-22.9905)
(-11.9987,15.2948)
(-2.40736,8.49478)
(4.92338,-13.6544)
(5.7747,14.5968)
(21.3534,-16.7842)
(0.550276,-18.6102)
(-17.2258,-9.86306)
(-3.37517,-21.6943)
(18.5581,2.19399)
(6.10386,-18.2864)
(-22.6796,4.50157)
(8.60946,-4.69296)
(15.887,-10.3513)
(23.2917,4.33806)
(-30.8271,-19.6976)
(-6.04478,-2.60409)
(-24.6503,9.24817)
(-10.0915,8.41695)
(-13.3256,8.37902)
(-5.28106,7.46526)
(-3.01686,-15.5092)
(18.0109,-5.93944)
(-12.4926,21.8056)
(1.52042,-2.91735)
(1.68375,-13.8549)
(-11.813,-16.6431)
(-1.50463,-2.71099)
(19.9771,-16.9419)
(12.2216,-18.5194)
(7.42096,7.85158)
(5.40961,16.6965)
(4.69606,-2.87515)
(13.607,-5.53569)
(-2.43361,-4.08967)
(-2.39911,-25.1233)
(7.65882,-7.45389)
(12.0624,-0.830284)
(16.5667,1.59483)
(-13.6456,12.5032)
(4.63771,15.5008)
(7.87967,3.31914)
(-2.34098,18.9724)
(-0.320012,19.5076)
(-13.5651,-13.7999)
(5.86904,-9.03942)
(-14.9062,4.10335)
(4.51941,-8.75436)
(22.8732,16.7142)
(-33.074,10.3275)
(-3.89432,-16.4705)
(3.00003,-20.2208)
(-22.3352,-12.8058)
(18.2446,-11.5088)
(17.2668,-26.5971)
(-25.5221,11.0465)
(-3.94541,-10.67)
(24.4108,-14.6741)
(-3.34325,13.9389)
(-19.6712,15.0829)
(-33.0091,7.71566)
(3.23296,-12.4288)
(8.66501,13.3267)
(9.64655,22.7622)
(-12.3461,8.05725)
(27.5199,8.68251)
(-5.62458,9.66234)
(-6.16116,9.55216)
(-3.62911,-9.93395)
(0.511736,4.6595)
(-8.42875,-15.3505)
(-6.5543,-11.0851)
(-12.9816,-3.55135)
(5.22822,12.679)
(-3.71607,-5.37211)
(4.32703,15.9916)
(7.36998,4.50912)
(-35.8391,-28.7181)
(32.168,-12.6311)
(9.43936,3.78989)
(0.614518,-3.85004)
(-23.977,2.51634)
(11.1222,-13.0124)
(-29.6809,9.96981)
(-9.12071,5.91575)
(-15.288,-6.1703)
(13.7367,4.0841)
(41.6804,-10.217)
(-4.29218,-13.6148)
(12.6238,5.24747)
(12.9488,-11.9759)
(-18.7135,-17.2536)
(2.62011,-19.9088)
(-0.760662,-1.50375)
(4.73373,-2.74913)
(13.4839,31.0116)
(5.31088,16.6107)
(1.80621,-9.27751)
(11.3211,-10.3149)
(1.7789,9.77041)
(-30.5298,0.233571)
(-0.805177,-14.9582)
(-8.05339,-31.0828)
(-12.2151,10.212)
(16.7454,27.5754)
(14.295,19.6015)
(6.26497,-6.93016)
(-0.451469,-16.4965)
(9.71356,5.27863)
(26.1586,9.55224)
(5.22792,5.50642)
(24.4205,-2.17049)
(-5.6694,8.77488)
(-12.3222,2.11861)
(-13.4562,0.822078)
(25.4283,2.48218)
(16.9992,-23.2339)
(-1.30487,-13.7395)
(-1.6467,-2.6835)
(-6.36291,15.7066)
(-11.8688,13.7873)
(-25.8066,-1.7458)
(9.46595,0.650621)
(-19.7716,-2.45136)
(-7.37015,-5.23512)
(-17.3508,1.28302)
(-10.779,14.1055)
(-1.99936,-2.63766)
(18.538,5.66109)
(-2.34119,8.47415)
(4.4518,21.0002)
(-7.08189,0.899558)
(-26.2697,19.0794)
(-2.61621,-19.5185)
(-4.32863,3.7524)
(25.5725,-18.0643)
(-9.26973,-3.20664)
(-8.26229,-6.46062)
(-7.97467,16.6979)
(14.0639,9.28715)
(-15.5757,2.95751)
(-4.74937,-5.10745)
(27.3848,-29.4076)
(-9.80962,-13.5735)
(43.1815,4.12744)
(13.4804,-15.705)
(15.4282,-30.5144)
(-33.0488,21.8422)
(-8.49905,-15.3628)
(3.33394,-8.15731)
(16.771,-11.7361)
(-13.991,-5.16095)
(19.4905,-2.26995)
(7.12887,18.4)
(7.71803,-17.5784)
(-5.90602,10.0752)
(-10.7862,-24.6309)
(13.8933,-10.3434)
(11.1784,-18.8215)
(-7.20785,-1.42721)
(-3.47591,16.9961)
(-1.49089,-7.70531)
(5.07385,6.35937)
(-11.2765,20.2534)
(-1.49825,-10.8689)
(-18.1994,-9.73599)
(0.40738,-18.3593)
(-3.37864,-5.53032)
(15.7303,6.54151)
(8.42254,13.0963)
(-6.80759,15.5161)
(-17.3962,21.4169)
(-10.7846,0.707119)
(-5.244,5.42329)
(3.20935,-4.95554)
(-2.95231,3.42872)
(17.6629,-3.60019)
(9.3292,35.7363)
(-2.61348,16.2782)
(36.9691,-18.7414)
(17.4423,34.1011)
(8.95126,-10.0218)
(-2.70498,-5.78646)
(2.85943,4.98367)
(11.3369,19.1712)
(6.02731,9.54751)
(-28.5882,17.2696)
(1.3054,17.6288)
(-23.0945,-9.59098)
(-14.7374,-8.31233)
(-5.70721,-33.3025)
(41.7146,2.14809)
(-21.917,9.75679)
(-2.26588,15.436)
(-25.7304,6.56514)
(3.03576,-6.89321)
(2.87491,-24.0347)
(-10.2363,15.5005)
(-5.6154,-1.93478)
(21.981,12.8735)
(4.60145,8.93544)
(10.9559,9.40558)
(-2.84804,-9.0476)
(2.00828,19.7841)
(-8.81827,-19.561)
(9.71425,28.3152)
(0.259349,7.24421)
(-7.66915,-1.73938)
(1.04447,-0.922793)
(8.08176,-5.7444)
(-18.5845,-1.02277)
(-5.80333,3.27888)
(9.28988,0.222586)
(-5.07283,-4.45872)
(1.23001,-14.5812)
(-13.579,-19.5214)
(-10.1782,7.83627)
(-1.33711,-18.6564)
(-22.0649,18.9655)
(-3.49782,-17.0964)
(9.12205,12.9688)
(9.0309,-22.4859)
(-39.2159,-2.84388)
(-23.0885,-11.9905)
(11.3987,-15.6375)
(-3.26628,6.00744)
(-0.0304941,-3.65549)
(-49.3546,-4.14613)
(22.5429,-4.03144)
(13.7634,16.4935)
(-3.48016,-18.9698)
(-3.38158,-26.34)
(5.26447,8.5969)
(-14.4957,24.3365)
(3.60455,-7.4077)
(-30.2593,4.81923)
(9.81551,-10.3172)
(24.8951,27.4865)
(8.09071,7.91221)
(0.528313,-2.71869)
(11.4011,-4.20946)
(-3.67401,-6.02568)
(5.31008,-4.30901)
(19.1332,-22.1833)
(3.63071,-1.83991)
(-6.69213,0.0903807)
(9.89541,-11.5667)
(-3.8084,-14.2698)
(-0.460975,4.34052)
(-2.24351,-12.5589)
(13.1867,-16.1585)
(5.22264,12.3863)
(-26.2169,16.7189)
(-10.8678,1.15313)
(7.42805,-22.4815)
(-5.25951,7.94064)
(-21.6486,27.5113)
(-5.75536,9.11133)
(-9.99871,-17.6006)
(8.39382,-7.28578)
(-7.59333,-3.51663)
(27.6257,13.6027)
(-6.48412,12.8692)
(13.9653,-3.11375)
(5.27572,-25.568)
(13.1384,-1.69599)
(-2.5495,-17.9617)
(-6.49067,-11.7301)
(-29.9324,-11.5848)
(9.54206,-0.941785)
(-7.77208,16.1036)
(19.7765,3.63197)
(23.3399,-7.27932)
(20.9486,-21.9083)
(19.9861,-10.3562)
(-10.0121,-5.32957)
(-1.58988,13.7229)
(-17.6816,18.9862)
(0.62728,-14.4551)
(27.7194,17.0036)
(-10.9413,2.07023)
(20.6388,-16.9607)
(15.5313,-0.835652)
(12.9045,-16.8926)
(-8.39144,-31.7992)
(22.3808,-1.82612)
(-10.7492,-20.354)
(-14.8318,-32.4403)
(2.52923,-19.814)
(2.97877,-21.8471)
(-31.0799,14.856)
(9.46994,-8.8634)
(3.6098,15.8031)
(-16.912,-5.43278)
(14.6126,-0.756835)
(1.84564,-16.6438)
(7.12833,-17.7483)
(13.1406,-2.98195)
(-3.03721,-20.8668)
(25.7167,-34.9127)
(2.95894,17.4078)
(1.09916,-4.58601)
(2.11271,17.969)
(1.87316,3.7564)
(2.20706,1.82188)
(11.9439,0.19171)
(16.2558,8.69176)
(-2.45888,-14.3006)
(-19.5168,-24.291)
(-22.4314,-1.2661)
(-0.726828,-14.8374)
(11.3058,-13.1695)
(-6.28159,10.8613)
(26.4474,7.8384)
(-3.34146,2.72696)
(-16.943,-4.74009)
(-17.7579,-23.1164)
(-0.514955,13.1642)
(0.617788,-12.0396)
(4.10235,-0.555653)
(-8.61543,3.77308)
(0.513614,-2.68736)
(-15.149,-30.8536)
(-13.5531,8.71406)
(-23.1095,22.7599)
(5.82361,0.387294)
(1.37618,-6.45756)
(-3.42952,-2.39047)
(-17.0013,-7.75145)
(11.3698,-2.8556)
(-8.49178,26.3104)
(-11.7257,-30.7924)
(6.7004,-12.085)
(-6.09139,-9.90739)
(-8.62767,-22.4175)
(3.80263,1.68723)
(4.37064,-2.70032)
(-6.05315,11.134)
(-25.7471,7.91492)
(-2.47327,7.31465)
(-17.0155,-5.72692)
(3.97433,9.34627)
(-1.48289,-2.27946)
(-6.91108,-18.9363)
(11.6375,8.23786)
(-28.8061,-7.79841)
(-8.92217,5.64081)
(-14.2316,-7.49564)
(16.9678,6.48111)
(-14.0484,10.3038)
(-8.85706,-16.1533)
(-2.55101,1.29212)
(-33.2024,2.85455)
(-0.923932,3.40888)
(-12.5583,23.2476)
(14.1157,25.092)
(2.6296,-4.7637)
(-0.486622,-12.8319)
(-8.6557,-15.8728)
(-40.384,-0.575069)
(3.17579,-19.6546)
(-21.113,-15.9333)
(8.20486,18.0765)
(5.90675,-1.58667)
(-10.5461,-2.34313)
(4.37538,-3.87068)
(8.29388,-7.69784)
(2.30311,13.3397)
(-17.6234,-3.37049)
(-12.816,-20.3274)
(-5.21259,-3.71613)
(-4.65112,15.6106)
(1.86461,6.98979)
(-4.81871,2.98528)
(-15.7863,3.52376)
(-10.274,8.14591)
(24.3454,33.8741)
(-16.8045,11.3916)
(-30.9949,-3.2377)
(0.047515,20.3696)
(-7.62466,-6.50117)
(-32.0652,-12.7449)
(5.15343,-4.52642)
(-8.49019,-10.1501)
(2.84764,3.39136)
(7.90678,-22.5911)
(-7.06502,3.51238)
(22.2018,16.5926)
(16.4823,-13.8635)
(9.35341,27.8147)
(-18.9039,9.36685)
(-0.413126,-2.17087)
(-6.09055,-27.1098)
(20.6257,7.14004)
(9.97295,15.8456)
(-21.8279,5.00608)
(-8.29901,-1.26092)
(11.858,6.89058)
(25.3088,33.9608)
(11.1034,14.5103)
(-5.82641,12.1911)
(3.65819,-3.03172)
(-11.5182,3.09816)
(-4.60797,-7.8435)
(6.90918,-5.1299)
(-3.08436,24.6474)
(0.232261,-0.807158)
(-7.33195,25.4475)
(-31.9577,3.72864)
(-3.4909,0.288428)
(-30.2927,-11.2597)
(10.3767,3.11981)
(10.445,20.9447)
(-14.5052,14.9594)
(-0.071308,-3.75135)
(6.56289,2.66872)
(10.4382,-3.23934)
(-3.69433,9.76193)
(5.58385,20.0204)
(-22.2626,-2.12949)
(15.5447,-34.3427)
(7.68966,2.06709)
(2.84697,-10.8947)
(-5.75552,-6.24497)
(16.6084,25.7628)
(-17.437,-2.03639)
(-1.37839,1.38262)
(-5.25466,6.29875)
(25.0436,4.86848)
(-3.36432,-6.67966)
(-25.5298,-25.5746)
(13.5803,-11.4001)
(14.6416,-3.37043)
(-5.60414,-0.381678)
(20.5545,-10.7122)
(-3.46183,-15.0098)
(7.27179,-16.5067)
(-29.7673,13.529)
(-2.49311,31.9218)
(9.06563,4.66289)
(-21.9237,-4.76971)
(1.69925,5.55084)
(-23.5327,17.1427)
(19.0484,-6.49052)
(-7.13381,15.9793)
(2.52142,28.145)
(-5.35665,-20.7391)
(15.4362,24.5168)
(28.6677,-7.92355)
(33.8014,-16.7116)
(-12.0666,-11.1307)
(-12.5787,-29.2954)
(-2.49525,-12.2822)
(-19.4664,-3.33319)
(-13.3698,-16.5667)
(-5.09838,-28.8598)
(1.88237,-0.228883)
(6.29485,0.944988)
(1.93422,-29.3291)
(-8.90663,-1.20689)
(9.13946,4.67046)
(-4.29817,-14.1875)
(21.0497,3.77943)
(-31.9244,8.31719)
(1.76576,4.22022)
(9.62201,0.113)
(16.073,-10.4822)
(10.6824,20.5263)
(-0.600582,-3.96268)
(2.34275,-5.87802)
(2.3891,15.1343)
(-3.31572,-1.66552)
(18.9041,14.0286)
(-14.1262,-0.0438744)
(-10.6256,-1.46677)
(-14.3114,5.75217)
(16.1435,-5.31925)
(12.4904,6.32915)
(8.82276,-28.4879)
(-4.57936,2.76318)
(-8.81692,3.99584)
(19.9566,0.952127)
(1.55049,1.02604)
(20.5762,-6.20234)
(-2.35063,31.5394)
(15.7092,5.15788)
(13.3521,17.3472)
(-0.547103,-21.3593)
(-17.0663,-13.1877)
(30.1516,25.2236)
(15.0977,-4.79378)
(9.18548,-5.14469)
(24.2645,-17.5999)
(13.013,-11.7674)
(0.473576,18.7798)
(-2.45382,-11.8799)
(5.82308,-4.27918)
(-2.54097,-19.5957)
(-10.633,8.20235)
(-6.45882,-1.74596)
(6.0438,-21.6807)
(-0.14727,-4.32204)
(-0.874569,-2.74385)
(-10.4171,-10.3967)
(-9.71337,0.437773)
(-0.66122,-11.4773)
(9.94572,5.58167)
(3.78189,1.52713)
(-7.38581,3.35876)
(-3.68146,0.815619)
(-10.6861,-3.93298)
(-9.39901,-15.9156)
(-19.9884,-13.0036)
(-4.98892,8.99203)
(16.5542,-4.54972)
(6.31177,-12.1294)
(-7.61352,8.52331)
(6.08761,-13.7254)
(-0.520443,-5.92978)
(7.02237,10.3526)
(6.62824,-13.2479)
(-6.81439,3.95159)
(-2.87814,18.7913)
(-18.1664,7.96773)
(7.98414,18.9935)
(10.6595,15.5525)
(-3.97965,-1.42429)
(22.9134,-0.213837)
(13.3771,-18.6164)
(-15.244,12.6188)
(15.3151,-9.33827)
(-21.8796,-17.991)
(18.2834,-16.2938)
(17.6907,4.87433)
(5.58603,19.0812)
(7.59159,1.74384)
(34.2788,-6.67112)
(0.914896,-3.61903)
(-2.59742,8.49746)
(2.17191,-2.66784)
(-5.35683,18.4607)
(-3.82017,10.3356)
(-17.0563,14.7427)
(20.1681,-0.412704)
(-2.06999,8.31579)
(1.87015,1.60615)
(7.67703,-9.14984)
(0.457198,6.83395)
(-8.92372,-19.7859)
(-5.19334,-1.92186)
(1.49015,-16.9161)
(-12.9427,-6.28802)
(20.0828,-8.89624)
(3.60558,6.59914)
(-2.11914,3.59548)
(20.0931,-8.55962)
(13.1412,-14.8302)
(7.82434,-12.5318)
(-11.1572,-10.3228)
(-6.1586,-0.255935)
(25.2484,-33.8189)
(4.64997,-3.43943)
(7.05435,12.7123)
(-5.08837,-14.5098)
(2.10303,8.02034)
(31.6404,7.58068)
(-20.3566,9.37449)
(-7.06783,-6.46158)
(-2.28394,13.7189)
(-36.7357,-13.3226)
(-15.922,5.86979)
(8.31146,-14.4771)
(21.4478,-14.7223)
(20.3891,22.8264)
(3.94957,-1.40679)
(6.22195,19.1978)
(15.9628,-1.42822)
(-28.0397,18.9699)
(-0.42441,33.9901)
(-9.78657,19.3251)
(-5.19164,3.18055)
(13.0724,-20.7895)
(-11.3189,1.37765)
(-15.9616,-4.5191)
(-11.9293,-16.3887)
(-1.71889,-24.5284)
(0.806995,-1.99446)
(-14.15,6.52554)
(14.2384,-14.9055)
(-14.8397,-8.06149)
(1.69207,1.64625)
(4.14617,-11.1264)
(8.7125,0.92776)
(9.50038,8.19626)
(-1.36149,8.95219)
(-3.43975,-28.2818)
(-37.0972,-6.94463)
(-16.4312,-33.9144)
(-19.1907,36.4708)
(6.75886,10.7317)
(23.2621,2.49271)
(2.71962,10.6737)
(-10.7831,-16.3733)
(36.6372,10.4761)
(20.2373,-17.0422)
(-4.48341,7.06197)
(11.5263,-15.5095)
(10.893,4.88584)
(-1.86868,24.444)
(-13.752,-7.92655)
(-5.65175,26.4402)
(0.219748,8.76562)
(2.38548,8.98141)
(13.5281,-12.5967)
(-20.3245,9.12643)
(7.59265,17.4271)
(-0.26007,1.0733)
(-2.21931,9.03902)
(-5.82564,0.897133)
(-10.8798,14.2589)
(-17.6674,0.627801)
(-23.0348,-13.6824)
(2.85352,28.8838)
(11.2204,35.6137)
(-7.37701,-2.74962)
(3.94834,19.3091)
(20.1526,2.15207)
(22.5677,3.64045)
(14.0039,-7.46842)
(-7.32498,-2.05979)
(-8.67415,7.31417)
(-19.2625,0.359912)
(-0.0314032,19.3279)
(14.2995,-4.8035)
(1.05787,-22.7615)
(0.413708,14.6608)
(23.115,5.89857)
(-24.4035,-25.8291)
(-19.429,-1.99935)
(-17.1424,20.1136)
(-15.83,-16.2613)
(15.2911,4.35215)
(1.77154,-13.7474)
(-0.809464,-12.5972)
(14.5667,-24.2814)
(13.3144,-11.1132)
(-4.37585,5.78591)
(10.4537,-25.2238)
(-18.7036,12.5319)
(-14.4018,7.94242)
(-19.3576,12.074)
(4.8951,-2.03445)
(19.061,-5.19424)
(-3.85488,-7.94915)
(-10.6514,-8.65706)
(21.1759,-12.4287)
(9.83971,-14.5954)
(-1.52256,-24.9767)
(-10.2572,20.7603)
(-6.23035,11.2861)
(26.8495,-3.74377)
(20.7377,6.8828)
(0.927313,24.133)
(-11.626,6.88742)
(10.8216,-7.00047)
(3.3242,6.12702)
(4.81254,7.73872)
(11.6899,-17.7724)
(20.0787,-16.7072)
(-8.9941,11.6067)
(-9.6512,-2.94603)
(26.5784,11.944)
(4.86168,-3.31796)
(-25.1894,-20.0094)
(2.20455,3.29983)
(8.03003,17.0941)
(26.4818,-8.95126)
(-12.9228,-3.66592)
(-29.594,-32.4828)
(12.1925,3.11355)
(-4.68453,-4.48298)
(41.7396,11.203)
(11.7051,-1.11945)
(-0.89518,3.50987)
(-15.3541,-24.6023)
(1.03056,-1.18313)
(17.1483,7.77655)
(-16.4762,-2.20333)
(3.50688,7.31514)
(-3.04967,-1.51388)
(1.85256,2.96001)
(21.9222,12.3313)
(-16.5389,9.73708)
(-19.7973,-10.5379)
(-26.6706,12.012)
(-9.52272,2.5844)
(-8.72409,2.65932)
(0.655899,-18.524)
(-22.7952,3.3614)
(42.9588,11.2626)
(-20.0797,-7.0621)
(-0.218725,-5.3911)
(19.1686,13.382)
(8.41364,36.0368)
(6.87408,-8.36813)
(14.5109,4.75405)
(-14.8529,-1.31236)
(-20.0207,-6.55341)
(16.6256,38.9756)
(-3.2494,12.4888)
(12.3447,1.11191)
(-2.84052,-2.36699)
(-14.9697,0.070044)
(16.4928,3.31317)
(11.0235,-16.4764)
(1.95567,5.35196)
(-10.0497,-15.849)
(3.75062,-8.25755)
(13.6173,-26.1154)
(8.14397,-7.54272)
(-10.533,-5.08265)
(6.03553,-8.57723)
(-2.33508,1.04725)
(-13.3021,-7.15473)
(-5.09965,-7.8062)
(5.88195,-7.24188)
(-15.8557,-4.47307)
(19.2397,15.2587)
(-18.0433,-7.26217)
(5.06029,-12.5704)
(12.6363,3.56751)
(15.4501,-2.44922)
(-0.0113861,12.3292)
(8.00953,-2.25128)
(-3.41334,13.9273)
(-12.9624,24.7257)
(-9.35141,-10.0977)
(-8.61737,-3.46362)
(-12.5798,-16.8118)
(-22.7334,13.5069)
(-1.70139,-13.3354)
(4.71158,18.3854)
(-10.5785,-13.7969)
(16.0591,-3.70003)
(15.2804,-8.76913)
(-6.75281,-10.0219)
(-12.8149,-11.6933)
(3.95412,-8.95801)
(0.477118,2.06998)
(11.2802,-1.88188)
(-10.1701,2.42976)
(24.647,-2.77945)
(-5.45013,3.62378)
(-9.89796,6.70742)
(-14.6821,-9.5786)
(-14.6556,3.82034)
(2.25389,-30.9322)
(4.98408,-5.82205)
(-0.73378,8.9763)
(-9.53302,-22.3675)
(-13.8939,20.8962)
(-14.9487,29.5545)
(-11.376,7.93761)
(-16.6622,-11.7325)
(-8.82575,3.19812)
(24.7033,-17.8516)
(12.0293,-27.8745)
(6.94697,12.2509)
(-15.0924,-1.44139)
(-10.2727,-2.61716)
(6.73487,-0.488463)
(-8.40207,-21.9422)
(10.3845,-1.49827)
(4.96786,5.60995)
(21.2698,23.4462)
(14.5019,-12.7913)
(-5.3799,-18.848)
(26.6412,24.8206)
(-22.0106,-12.2836)
(4.94447,-1.41586)
(-11.5939,4.30272)
(-7.17356,8.69884)
(7.70338,3.88629)
(10.5841,-29.5599)
(-14.782,20.831)
(-19.5597,-1.46055)
(0.0574709,4.08458)
(13.6738,2.61599)
(3.62561,-5.14722)
(-9.85574,-6.54758)
(-1.52391,9.08006)
(-18.8455,-7.97929)
(-25.3702,-7.09298)
(-9.35108,-8.5248)
(8.21966,4.77196)
(-4.39821,-9.02651)
(8.87292,-1.20353)
(12.5936,-2.26955)
(2.10617,-7.93797)
(17.7469,-1.94605)
(-4.4863,-14.0252)
(-0.857404,7.05198)
(1.28613,3.99358)
(-3.99106,-6.94556)
(-2.44971,0.623751)
(5.17545,2.74325)
(-16.1513,5.38004)
(-9.61331,-4.32685)
(6.71874,-28.389)
(22.3033,23.1354)
(15.0783,-2.98291)
(14.6292,-19.2648)
(15.3534,4.41488)
(7.18696,-11.2091)
(8.28025,-7.72324)
(-6.02976,-2.12289)
(0.82609,8.03461)
(13.0035,17.9912)
(-2.8508,-2.12828)
(-2.00659,-21.6913)
(2.32936,7.73596)
(17.2367,-6.32448)
(11.0122,8.19165)
(-4.0955,10.9433)
(-4.35465,-7.93722)
(-0.127237,-9.04914)
(1.25091,-7.05454)
(-15.1145,-0.237446)
(-10.2797,10.9854)
(2.79695,0.322853)
(-1.11062,-7.59738)
(-5.6805,0.779455)
(1.96845,9.86498)
(-2.42074,12.6798)
(-13.494,-2.17432)
(-2.08679,-17.9655)
(2.06021,-1.37426)
(15.1964,-4.45548)
(-5.18312,8.27776)
(-14.5752,10.3337)
(-0.70312,2.15585)
(-3.85052,16.8996)
(-7.13682,1.27994)
(-7.52961,-25.8597)
(1.87863,7.9049)
(17.3736,10.5474)
(-3.71878,-30.4365)
(5.83695,-2.99224)
(26.8768,-8.31462)
(-11.1186,-26.063)
(-4.19452,-7.85031)
(-1.91794,-5.49373)
(3.26265,17.3798)
(-17.2654,2.84979)
(-5.52934,11.1119)
(12.9922,-2.90661)
(-3.49563,-18.222)
(4.2593,12.9033)
(22.064,-17.6213)
(-1.38719,-18.8878)
(-2.46989,-19.5857)
(25.1355,7.29321)
(-6.79218,-3.62878)
(-1.91516,11.714)
(5.76827,5.36677)
(0.122326,-9.37319)
(16.6765,21.741)
(-1.0385,6.01037)
(2.49931,-1.07904)
(0.751176,1.04444)
(6.99899,9.29587)
(-6.21361,-7.04861)
(-4.39734,-22.0964)
(-3.03492,7.39252)
(-5.018,-18.818)
(-0.621634,-9.2301)
(2.47385,-29.9616)
(1.08043,13.4014)
(4.73692,-2.48212)
(-21.8561,-10.3195)
(-21.0588,-0.0808383)
(23.1503,16.8096)
(11.4205,-12.0676)
(-1.12446,2.58053)
(11.2115,-6.59058)
(-7.28493,-8.44942)
(-13.3441,-10.4869)
(-34.7578,3.98015)
(-11.9534,14.7996)
(10.2359,-1.50031)
(11.4133,-25.479)
(-2.12786,9.86625)
(6.43839,6.06609)
(4.42807,-5.32192)
(3.71723,-5.069)
(7.82059,20.9572)
(-2.86186,12.9364)
(9.13432,6.92647)
(15.877,12.0537)
(-4.81356,13.7234)
(-17.26,5.57212)
(-4.19095,21.9145)
(16.0428,-6.22654)
(-2.05328,-7.52692)
(10.5908,-12.8764)
(-0.344066,0.323085)
(-2.27727,29.8047)
(-2.32443,-3.82861)
(-4.74278,18.6369)
(5.84879,-2.3851)
(-15.1507,-8.10022)
(-4.84699,1.51651)
(-3.52353,14.5992)
(-15.2509,-10.7641)
(-4.49471,-16.4096)
(-15.0569,-3.80865)
(-21.7553,18.8472)
(31.3541,2.4326)
(-10.3576,-22.6442)
(10.4311,9.00455)
(5.2542,10.5728)
(1.92991,-2.46098)
(-14.8789,-13.4898)
(-12.7388,16.0113)
(-23.9503,3.25791)
(15.3787,8.61799)
(-2.59322,-16.9563)
(1.99368,1.06456)
(-2.79345,-15.1389)
(-7.08897,2.20709)
(11.5319,9.78373)
(6.49174,46.8476)
(4.88578,3.29158)
(-23.3248,-5.68277)
(11.6855,10.2647)
(7.05349,-10.2268)
(-4.03966,1.74732)
(3.56715,-19.5504)
(29.4723,-5.65187)
(4.79431,26.8727)
(9.25825,-8.03776)
(12.0462,-20.2596)
(27.3278,0.495265)
(3.62541,-10.9098)
(-34.9564,0)
(3.62541,10.9098)
(27.3278,-0.495265)
(12.0462,20.2596)
(9.25825,8.03776)
(4.79431,-26.8727)
(29.4723,5.65187)
(3.56715,19.5504)
(-4.03966,-1.74732)
(7.05349,10.2268)
(11.6855,-10.2647)
(-23.3248,5.68277)
(4.88578,-3.29158)
(6.49174,-46.8476)
(11.5319,-9.78373)
(-7.08897,-2.20709)
(-2.79345,15.1389)
(1.99368,-1.06456)
(-2.59322,16.9563)
(15.3787,-8.61799)
(-23.9503,-3.25791)
(-12.7388,-16.0113)
(-14.8789,13.4898)
(1.92991,2.46098)
(5.2542,-10.5728)
(10.4311,-9.00455)
(-10.3576,22.6442)
(31.3541,-2.4326)
(-21.7553,-18.8472)
(-15.0569,3.80865)
(-4.49471,16.4096)
(-15.2509,10.7641)
(-3.52353,-14.5992)
(-4.84699,-1.51651)
(-15.1507,8.10022)
(5.84879,2.3851)
(-4.74278,-18.6369)
(-2.32443,3.82861)
(-2.27727,-29.8047)
(-0.344066,-0.323085)
(10.5908,12.8764)
(-2.05328,7.52692)
(16.0428,6.22654)
(-4.19095,-21.9145)
(-17.26,-5.57212)
(-4.81356,-13.7234)
(15.877,-12.0537)
(9.13432,-6.92647)
(-2.86186,-12.9364)
(7.82059,-20.9572)
(3.71723,5.069)
(4.42807,5.32192)
(6.43839,-6.06609)
(-2.12786,-9.86625)
(11.4133,25.479)
(10.2359,1.50031)
(-11.9534,-14.7996)
(-34.7578,-3.98015)
(-13.3441,10.4869)
(-7.28493,8.44942)
(11.2115,6.59058)
(-1.12446,-2.58053)
(11.4205,12.0676)
(23.1503,-16.8096)
(-21.0588,0.0808383)
(-21.8561,10.3195)
(4.73692,2.48212)
(1.08043,-13.4014)
(2.47385,29.9616)
(-0.621634,9.2301)
(-5.018,18.818)
(-3.03492,-7.39252)
(-4.39734,22.0964)
(-6.21361,7.04861)
(6.99899,-9.29587)
(0.751176,-1.04444)
(2.49931,1.07904)
(-1.0385,-6.01037)
(16.6765,-21.741)
(0.122326,9.37319)
(5.76827,-5.36677)
(-1.91516,-11.714)
(-6.79218,3.62878)
(25.1355,-7.29321)
(-2.46989,19.5857)
(-1.38719,18.8878)
(22.064,17.6213)
(4.2593,-12.9033)
(-3.49563,18.222)
(12.9922,2.90661)
(-5.52934,-11.1119)
(-17.2654,-2.84979)
(3.26265,-17.3798)
(-1.91794,5.49373)
(-4.19452,7.85031)
(-11.1186,26.063)
(26.8768,8.31462)
(5.83695,2.99224)
(-3.71878,30.4365)
(17.3736,-10.5474)
(1.87863,-7.9049)
(-7.52961,25.8597)
(-7.13682,-1.27994)
(-3.85052,-16.8996)
(-0.70312,-2.15585)
(-14.5752,-10.3337)
(-5.18312,-8.27776)
(15.1964,4.45548)
(2.06021,1.37426)
(-2.08679,17.9655)
(-13.494,2.17432)
(-2.42074,-12.6798)
(1.96845,-9.86498)
(-5.6805,-0.779455)
(-1.11062,7.59738)
(2.79695,-0.322853)
(-10.2797,-10.9854)
(-15.1145,0.237446)
(1.25091,7.05454)
(-0.127237,9.04914)
(-4.35465,7.93722)
(-4.0955,-10.9433)
(11.0122,-8.19165)
(17.2367,6.32448)
(2.32936,-7.73596)
(-2.00659,21.6913)
(-2.8508,2.12828)
(13.0035,-17.9912)
(0.82609,-8.03461)
(-6.02976,2.12289)
(8.28025,7.72324)
(7.18696,11.2091)
(15.3534,-4.41488)
(14.6292,19.2648)
(15.0783,2.98291)
(22.3033,-23.1354)
(6.71874,28.389)
(-9.61331,4.32685)
(-16.1513,-5.38004)
(5.17545,-2.74325)
(-2.44971,-0.623751)
(-3.99106,6.94556)
(1.28613,-3.99358)
(-0.857404,-7.05198)
(-4.4863,14.0252)
(17.7469,1.94605)
(2.10617,7.93797)
(12.5936,2.26955)
(8.87292,1.20353)
(-4.39821,9.02651)
(8.21966,-4.77196)
(-9.35108,8.5248)
(-25.3702,7.09298)
(-18.8455,7.97929)
(-1.52391,-9.08006)
(-9.85574,6.54758)
(3.62561,5.14722)
(13.6738,-2.61599)
(0.0574709,-4.08458)
(-19.5597,1.46055)
(-14.782,-20.831)
(10.5841,29.5599)
(7.70338,-3.88629)
(-7.17356,-8.69884)
(-11.5939,-4.30272)
(4.94447,1.41586)
(-22.0106,12.2836)
(26.6412,-24.8206)
(-5.3799,18.848)
(14.5019,12.7913)
(21.2698,-23.4462)
(4.96786,-5.60995)
(10.3845,1.49827)
(-8.40207,21.9422)
(6.73487,0.488463)
(-10.2727,2.61716)
(-15.0924,1.44139)
(6.94697,-12.2509)
(12.0293,27.8745)
(24.7033,17.8516)
(-8.82575,-3.19812)
(-16.6622,11.7325)
(-11.376,-7.93761)
(-14.9487,-29.5545)
(-13.8939,-20.8962)
(-9.53302,22.3675)
(-0.73378,-8.9763)
(4.98408,5.82205)
(2.25389,30.9322)
(-14.6556,-3.82034)
(-14.6821,9.5786)
(-9.89796,-6.70742)
(-5.45013,-3.62378)
(24.647,2.77945)
(-10.1701,-2.42976)
(11.2802,1.88188)
(0.477118,-2.06998)
(3.95412,8.95801)
(-12.8149,11.6933)
(-6.75281,10.0219)
(15.2804,8.76913)
(16.0591,3.70003)
(-10.5785,13.7969)
(4.71158,-18.3854)
(-1.70139,13.3354)
(-22.7334,-13.5069)
(-12.5798,16.8118)
(-8.61737,3.46362)
(-9.35141,10.0977)
(-12.9624,-24.7257)
(-3.41334,-13.9273)
(8.00953,2.25128)
(-0.0113861,-12.3292)
(15.4501,2.44922)
(12.6363,-3.56751)
(5.06029,12.5704)
(-18.0433,7.26217)
(19.2397,-15.2587)
(-15.8557,4.47307)
(5.88195,7.24188)
(-5.09965,7.8062)
(-13.3021,7.15473)
(-2.33508,-1.04725)
(6.03553,8.57723)
(-10.533,5.08265)
(8.14397,7.54272)
(13.6173,26.1154)
(3.75062,8.25755)
(-10.0497,15.849)
(1.95567,-5.35196)
(11.0235,16.4764)
(16.4928,-3.31317)
(-14.9697,-0.070044)
(-2.84052,2.36699)
(12.3447,-1.11191)
(-3.2494,-12.4888)
(16.6256,-38.9756)
(-20.0207,6.55341)
(-14.8529,1.31236)
(14.5109,-4.75405)
(6.87408,8.36813)
(8.41364,-36.0368)
(19.1686,-13.382)
(-0.218725,5.3911)
(-20.0797,7.0621)
(42.9588,-11.2626)
(-22.7952,-3.3614)
(0.655899,18.524)
(-8.72409,-2.65932)
(-9.52272,-2.5844)
(-26.6706,-12.012)
(-19.7973,10.5379)
(-16.5389,-9.73708)
(21.9222,-12.3313)
(1.85256,-2.96001)
(-3.04967,1.51388)
(3.50688,-7.31514)
(-16.4762,2.20333)
(17.1483,-7.77655)
(1.03056,1.18313)
(-15.3541,24.6023)
(-0.89518,-3.50987)
(11.7051,1.11945)
(41.7396,-11.203)
(-4.68453,4.48298)
(12.1925,-3.11355)
(-29.594,32.4828)
(-12.9228,3.66592)
(26.4818,8.95126)
(8.03003,-17.0941)
(2.20455,-3.29983)
(-25.1894,20.0094)
(4.86168,3.31796)
(26.5784,-11.944)
(-9.6512,2.94603)
(-8.9941,-11.6067)
(20.0787,16.7072)
(11.6899,17.7724)
(4.81254,-7.73872)
(3.3242,-6.12702)
(10.8216,7.00047)
(-11.626,-6.88742)
(0.927313,-24.133)
(20.7377,-6.8828)
(26.8495,3.74377)
(-6.23035,-11.2861)
(-10.2572,-20.7603)
(-1.52256,24.9767)
(9.83971,14.5954)
(21.1759,12.4287)
(-10.6514,8.65706)
(-3.85488,7.94915)
(19.061,5.19424)
(4.8951,2.03445)
(-19.3576,-12.074)
(-14.4018,-7.94242)
(-18.7036,-12.5319)
(10.4537,25.2238)
(-4.37585,-5.78591)
(13.3144,11.1132)
(14.5667,24.2814)
(-0.809464,12.5972)
(1.77154,13.7474)
(15.2911,-4.35215)
(-15.83,16.2613)
(-17.1424,-20.1136)
(-19.429,1.99935)
(-24.4035,25.8291)
(23.115,-5.89857)
(0.413708,-14.6608)
(1.05787,22.7615)
(14.2995,4.8035)
(-0.0314032,-19.3279)
(-19.2625,-0.359912)
(-8.67415,-7.31417)
(-7.32498,2.05979)
(14.0039,7.46842)
(22.5677,-3.64045)
(20.1526,-2.15207)
(3.94834,-19.3091)
(-7.37701,2.74962)
(11.2204,-35.6137)
(2.85352,-28.8838)
(-23.0348,13.6824)
(-17.6674,-0.627801)
(-10.8798,-14.2589)
(-5.82564,-0.897133)
(-2.21931,-9.03902)
(-0.26007,-1.0733)
(7.59265,-17.4271)
(-20.3245,-9.12643)
(13.5281,12.5967)
(2.38548,-8.98141)
(0.219748,-8.76562)
(-5.65175,-26.4402)
(-13.752,7.92655)
(-1.86868,-24.444)
(10.893,-4.88584)
(11.5263,15.5095)
(-4.48341,-7.06197)
(20.2373,17.0422)
(36.6372,-10.4761)
(-10.7831,16.3733)
(2.71962,-10.6737)
(23.2621,-2.49271)
(6.75886,-10.7317)
(-19.1907,-36.4708)
(-16.4312,33.9144)
(-37.0972,6.94463)
(-3.43975,28.2818)
(-1.36149,-8.95219)
(9.50038,-8.19626)
(8.7125,-0.92776)
(4.14617,11.1264)
(1.69207,-1.64625)
(-14.8397,8.06149)
(14.2384,14.9055)
(-14.15,-6.52554)
(0.806995,1.99446)
(-1.71889,24.5284)
(-11.9293,16.3887)
(-15.9616,4.5191)
(-11.3189,-1.37765)
(13.0724,20.7895)
(-5.19164,-3.18055)
(-9.78657,-19.3251)
(-0.42441,-33.9901)
(-28.0397,-18.9699)
(15.9628,1.42822)
(6.22195,-19.1978)
(3.94957,1.40679)
(20.3891,-22.8264)
(21.4478,14.7223)
(8.31146,14.4771)
(-15.922,-5.86979)
(-36.7357,13.3226)
(-2.28394,-13.7189)
(-7.06783,6.46158)
(-20.3566,-9.37449)
(31.6404,-7.58068)
(2.10303,-8.02034)
(-5.08837,14.5098)
(7.05435,-12.7123)
(4.64997,3.43943)
(25.2484,33.8189)
(-6.1586,0.255935)
(-11.1572,10.3228)
(7.82434,12.5318)
(13.1412,14.8302)
(20.0931,8.55962)
(-2.11914,-3.59548)
(3.60558,-6.59914)
(20.0828,8.89624)
(-12.9427,6.28802)
(1.49015,16.9161)
(-5.19334,1.92186)
(-8.92372,19.7859)
(0.457198,-6.83395)
(7.67703,9.14984)
(1.87015,-1.60615)
(-2.06999,-8.31579)
(20.1681,0.412704)
(-17.0563,-14.7427)
(-3.82017,-10.3356)
(-5.35683,-18.4607)
(2.17191,2.66784)
(-2.59742,-8.49746)
(0.914896,3.61903)
(34.2788,6.67112)
(7.59159,-1.74384)
(5.58603,-19.0812)
(17.6907,-4.87433)
(18.2834,16.2938)
(-21.8796,17.991)
(15.3151,9.33827)
(-15.244,-12.6188)
(13.3771,18.6164)
(22.9134,0.213837)
(-3.97965,1.42429)
(10.6595,-15.5525)
(7.98414,-18.9935)
(-18.1664,-7.96773)
(-2.87814,-18.7913)
(-6.81439,-3.95159)
(6.62824,13.2479)
(7.02237,-10.3526)
(-0.520443,5.92978)
(6.08761,13.7254)
(-7.61352,-8.52331)
(6.31177,12.1294)
(16.5542,4.54972)
(-4.98892,-8.99203)
(-19.9884,13.0036)
(-9.39901,15.9156)
(-10.6861,3.93298)
(-3.68146,-0.815619)
(-7.38581,-3.35876)
(3.78189,-1.52713)
(9.94572,-5.58167)
(-0.66122,11.4773)
(-9.71337,-0.437773)
(-10.4171,10.3967)
(-0.874569,2.74385)
(-0.14727,4.32204)
(6.0438,21.6807)
(-6.45882,1.74596)
(-10.633,-8.20235)
(-2.54097,19.5957)
(5.82308,4.27918)
(-2.45382,11.8799)
(0.473576,-18.7798)
(13.013,11.7674)
(24.2645,17.5999)
(9.18548,5.14469)
(15.0977,4.79378)
(30.1516,-25.2236)
(-17.0663,13.1877)
(-0.547103,21.3593)
(13.3521,-17.3472)
(15.7092,-5.15788)
(-2.35063,-31.5394)
(20.5762,6.20234)
(1.55049,-1.02604)
(19.9566,-0.952127)
(-8.81692,-3.99584)
(-4.57936,-2.76318)
(8.82276,28.4879)
(12.4904,-6.32915)
(16.1435,5.31925)
(-14.3114,-5.75217)
(-10.6256,1.46677)
(-14.1262,0.0438744)
(18.9041,-14.0286)
(-3.31572,1.66552)
(2.3891,-15.1343)
(2.34275,5.87802)
(-0.600582,3.96268)
(10.6824,-20.5263)
(16.073,10.4822)
(9.62201,-0.113)
(1.76576,-4.22022)
(-31.9244,-8.31719)
(21.0497,-3.77943)
(-4.29817,14.1875)
(9.13946,-4.67046)
(-8.90663,1.20689)
(1.93422,29.3291)
(6.29485,-0.944988)
(1.88237,0.228883)
(-5.09838,28.8598)
(-13.3698,16.5667)
(-19.4664,3.33319)
(-2.49525,12.2822)
(-12.5787,29.2954)
(-12.0666,11.1307)
(33.8014,16.7116)
(28.6677,7.92355)
(15.4362,-24.5168)
(-5.35665,20.7391)
(2.52142,-28.145)
(-7.13381,-15.9793)
(19.0484,6.49052)
(-23.5327,-17.1427)
(1.69925,-5.55084)
(-21.9237,4.76971)
(9.06563,-4.66289)
(-2.49311,-31.9218)
(-29.7673,-13.529)
(7.27179,16.5067)
(-3.46183,15.0098)
(20.5545,10.7122)
(-5.60414,0.381678)
(14.6416,3.37043)
(13.5803,11.4001)
(-25.5298,25.5746)
(-3.36432,6.67966)
(25.0436,-4.86848)
(-5.25466,-6.29875)
(-1.37839,-1.38262)
(-17.437,2.03639)
(16.6084,-25.7628)
(-5.75552,6.24497)
(2.84697,10.8947)
(7.68966,-2.06709)
(15.5447,34.3427)
(-22.2626,2.12949)
(5.58385,-20.0204)
(-3.69433,-9.76193)
(10.4382,3.23934)
(6.56289,-2.66872)
(-0.071308,3.75135)
(-14.5052,-14.9594)
(10.445,-20.9447)
(10.3767,-3.11981)
(-30.2927,11.2597)
(-3.4909,-0.288428)
(-31.9577,-3.72864)
(-7.33195,-25.4475)
(0.232261,0.807158)
(-3.08436,-24.6474)
(6.90918,5.1299)
(-4.60797,7.8435)
(-11.5182,-3.09816)
(3.65819,3.03172)
(-5.82641,-12.1911)
(11.1034,-14.5103)
(25.3088,-33.9608)
(11.858,-6.89058)
(-8.29901,1.26092)
(-21.8279,-5.00608)
(9.97295,-15.8456)
(20.6257,-7.14004)
(-6.09055,27.1098)
(-0.413126,2.17087)
(-18.9039,-9.36685)
(9.35341,-27.8147)
(16.4823,13.8635)
(22.2018,-16.5926)
(-7.06502,-3.51238)
(7.90678,22.5911)
(2.84764,-3.39136)
(-8.49019,10.1501)
(5.15343,4.52642)
(-32.0652,12.7449)
(-7.62466,6.50117)
(0.047515,-20.3696)
(-30.9949,3.2377)
(-16.8045,-11.3916)
(24.3454,-33.8741)
(-10.274,-8.14591)
(-15.7863,-3.52376)
(-4.81871,-2.98528)
(1.86461,-6.98979)
(-4.65112,-15.6106)
(-5.21259,3.71613)
(-12.816,20.3274)
(-17.6234,3.37049)
(2.30311,-13.3397)
(8.29388,7.69784)
(4.37538,3.87068)
(-10.5461,2.34313)
(5.90675,1.58667)
(8.20486,-18.0765)
(-21.113,15.9333)
(3.17579,19.6546)
(-40.384,0.575069)
(-8.6557,15.8728)
(-0.486622,12.8319)
(2.6296,4.7637)
(14.1157,-25.092)
(-12.5583,-23.2476)
(-0.923932,-3.40888)
(-33.2024,-2.85455)
(-2.55101,-1.29212)
(-8.85706,16.1533)
(-14.0484,-10.3038)
(16.9678,-6.48111)
(-14.2316,7.49564)
(-8.92217,-5.64081)
(-28.8061,7.79841)
(11.6375,-8.23786)
(-6.91108,18.9363)
(-1.48289,2.27946)
(3.97433,-9.34627)
(-17.0155,5.72692)
(-2.47327,-7.31465)
(-25.7471,-7.91492)
(-6.05315,-11.134)
(4.37064,2.70032)
(3.80263,-1.68723)
(-8.62767,22.4175)
(-6.09139,9.90739)
(6.7004,12.085)
(-11.7257,30.7924)
(-8.49178,-26.3104)
(11.3698,2.8556)
(-17.0013,7.75145)
(-3.42952,2.39047)
(1.37618,6.45756)
(5.82361,-0.387294)
(-23.1095,-22.7599)
(-13.5531,-8.71406)
(-15.149,30.8536)
(0.513614,2.68736)
(-8.61543,-3.77308)
(4.10235,0.555653)
(0.617788,12.0396)
(-0.514955,-13.1642)
(-17.7579,23.1164)
(-16.943,4.74009)
(-3.34146,-2.72696)
(26.4474,-7.8384)
(-6.28159,-10.8613)
(11.3058,13.1695)
(-0.726828,14.8374)
(-22.4314,1.2661)
(-19.5168,24.291)
(-2.45888,14.3006)
(16.2558,-8.69176)
(11.9439,-0.19171)
(2.20706,-1.82188)
(1.87316,-3.7564)
(2.11271,-17.969)
(1.09916,4.58601)
(2.95894,-17.4078)
(25.7167,34.9127)
(-3.03721,20.8668)
(13.1406,2.98195)
(7.12833,17.7483)
(1.84564,16.6438)
(14.6126,0.756835)
(-16.912,5.43278)
(3.6098,-15.8031)
(9.46994,8.8634)
(-31.0799,-14.856)
(2.97877,21.8471)
(2.52923,19.814)
(-14.8318,32.4403)
(-10.7492,20.354)
(22.3808,1.82612)
(-8.39144,31.7992)
(12.9045,16.8926)
(15.5313,0.835652)
(20.6388,16.9607)
(-10.9413,-2.07023)
(27.7194,-17.0036)
(0.62728,14.4551)
(-17.6816,-18.9862)
(-1.58988,-13.7229)
(-10.0121,5.32957)
(19.9861,10.3562)
(20.9486,21.9083)
(23.3399,7.27932)
(19.7765,-3.63197)
(-7.77208,-16.1036)
(9.54206,0.941785)
(-29.9324,11.5848)
(-6.49067,11.7301)
(-2.5495,17.9617)
(13.1384,1.69599)
(5.27572,25.568)
(13.9653,3.11375)
(-6.48412,-12.8692)
(27.6257,-13.6027)
(-7.59333,3.51663)
(8.39382,7.28578)
(-9.99871,17.6006)
(-5.75536,-9.11133)
(-21.6486,-27.5113)
(-5.25951,-7.94064)
(7.42805,22.4815)
(-10.8678,-1.15313)
(-26.2169,-16.7189)
(5.22264,-12.3863)
(13.1867,16.1585)
(-2.24351,12.5589)
(-0.460975,-4.34052)
(-3.8084,14.2698)
(9.89541,11.5667)
(-6.69213,-0.0903807)
(3.63071,1.83991)
(19.1332,22.1833)
(5.31008,4.30901)
(-3.67401,6.02568)
(11.4011,4.20946)
(0.528313,2.71869)
(8.09071,-7.91221)
(24.8951,-27.4865)
(9.81551,10.3172)
(-30.2593,-4.81923)
(3.60455,7.4077)
(-14.4957,-24.3365)
(5.26447,-8.5969)
(-3.38158,26.34)
(-3.48016,18.9698)
(13.7634,-16.4935)
(22.5429,4.03144)
(-49.3546,4.14613)
(-0.0304941,3.65549)
(-3.26628,-6.00744)
(11.3987,15.6375)
(-23.0885,11.9905)
(-39.2159,2.84388)
(9.0309,22.4859)
(9.12205,-12.9688)
(-3.49782,17.0964)
(-22.0649,-18.9655)
(-1.33711,18.6564)
(-10.1782,-7.83627)
(-13.579,19.5214)
(1.23001,14.5812)
(-5.07283,4.45872)
(9.28988,-0.222586)
(-5.80333,-3.27888)
(-18.5845,1.02277)
(8.08176,5.7444)
(1.04447,0.922793)
(-7.66915,1.73938)
(0.259349,-7.24421)
(9.71425,-28.3152)
(-8.81827,19.561)
(2.00828,-19.7841)
(-2.84804,9.0476)
(10.9559,-9.40558)
(4.60145,-8.93544)
(21.981,-12.8735)
(-5.6154,1.93478)
(-10.2363,-15.5005)
(2.87491,24.0347)
(3.03576,6.89321)
(-25.7304,-6.56514)
(-2.26588,-15.436)
(-21.917,-9.75679)
(41.7146,-2.14809)
(-5.70721,33.3025)
(-14.7374,8.31233)
(-23.0945,9.59098)
(1.3054,-17.6288)
(-28.5882,-17.2696)
(6.02731,-9.54751)
(11.3369,-19.1712)
(2.85943,-4.98367)
(-2.70498,5.78646)
(8.95126,10.0218)
(17.4423,-34.1011)
(36.9691,18.7414)
(-2.61348,-16.2782)
(9.3292,-35.7363)
(17.6629,3.60019)
(-2.95231,-3.42872)
(3.20935,4.95554)
(-5.244,-5.42329)
(-10.7846,-0.707119)
(-17.3962,-21.4169)
(-6.80759,-15.5161)
(8.42254,-13.0963)
(15.7303,-6.54151)
(-3.37864,5.53032)
(0.40738,18.3593)
(-18.1994,9.73599)
(-1.49825,10.8689)
(-11.2765,-20.2534)
(5.07385,-6.35937)
(-1.49089,7.70531)
(-3.47591,-16.9961)
(-7.20785,1.42721)
(11.1784,18.8215)
(13.8933,10.3434)
(-10.7862,24.6309)
(-5.90602,-10.0752)
(7.71803,17.5784)
(7.12887,-18.4)
(19.4905,2.26995)
(-13.991,5.16095)
(16.771,11.7361)
(3.33394,8.15731)
(-8.49905,15.3628)
(-33.0488,-21.8422)
(15.4282,30.5144)
(13.4804,15.705)
(43.1815,-4.12744)
(-9.80962,13.5735)
(27.3848,29.4076)
(-4.74937,5.10745)
(-15.5757,-2.95751)
(14.0639,-9.28715)
(-7.97467,-16.6979)
(-8.26229,6.46062)
(-9.26973,3.20664)
(25.5725,18.0643)
(-4.32863,-3.7524)
(-2.61621,19.5185)
(-26.2697,-19.0794)
(-7.08189,-0.899558)
(4.4518,-21.0002)
(-2.34119,-8.47415)
(18.538,-5.66109)
(-1.99936,2.63766)
(-10.779,-14.1055)
(-17.3508,-1.28302)
(-7.37015,5.23512)
(-19.7716,2.45136)
(9.46595,-0.650621)
(-25.8066,1.7458)
(-11.8688,-13.7873)
(-6.36291,-15.7066)
(-1.6467,2.6835)
(-1.30487,13.7395)
(16.9992,23.2339)
(25.4283,-2.48218)
(-13.4562,-0.822078)
(-12.3222,-2.11861)
(-5.6694,-8.77488)
(24.4205,2.17049)
(5.22792,-5.50642)
(26.1586,-9.55224)
(9.71356,-5.27863)
(-0.451469,16.4965)
(6.26497,6.93016)
(14.295,-19.6015)
(16.7454,-27.5754)
(-12.2151,-10.212)
(-8.05339,31.0828)
(-0.805177,14.9582)
(-30.5298,-0.233571)
(1.7789,-9.77041)
(11.3211,10.3149)
(1.80621,9.27751)
(5.31088,-16.6107)
(13.4839,-31.0116)
(4.73373,2.74913)
(-0.760662,1.50375)
(2.62011,19.9088)
(-18.7135,17.2536)
(12.9488,11.9759)
(12.6238,-5.24747)
(-4.29218,13.6148)
(41.6804,10.217)
(13.7367,-4.0841)
(-15.288,6.1703)
(-9.12071,-5.91575)
(-29.6809,-9.96981)
(11.1222,13.0124)
(-23.977,-2.51634)
(0.614518,3.85004)
(9.43936,-3.78989)
(32.168,12.6311)
(-35.8391,28.7181)
(7.36998,-4.50912)
(4.32703,-15.9916)
(-3.71607,5.37211)
(5.22822,-12.679)
(-12.9816,3.55135)
(-6.5543,11.0851)
(-8.42875,15.3505)
(0.511736,-4.6595)
(-3.62911,9.93395)
(-6.16116,-9.55216)
(-5.62458,-9.66234)
(27.5199,-8.68251)
(-12.3461,-8.05725)
(9.64655,-22.7622)
(8.66501,-13.3267)
(3.23296,12.4288)
(-33.0091,-7.71566)
(-19.6712,-15.0829)
(-3.34325,-13.9389)
(24.4108,14.6741)
(-3.94541,10.67)
(-25.5221,-11.0465)
(17.2668,26.5971)
(18.2446,11.5088)
(-22.3352,12.8058)
(3.00003,20.2208)
(-3.89432,16.4705)
(-33.074,-10.3275)
(22.8732,-16.7142)
(4.51941,8.75436)
(-14.9062,-4.10335)
(5.86904,9.03942)
(-13.5651,13.7999)
(-0.320012,-19.5076)
(-2.34098,-18.9724)
(7.87967,-3.31914)
(4.63771,-15.5008)
(-13.6456,-12.5032)
(16.5667,-1.59483)
(12.0624,0.830284)
(7.65882,7.45389)
(-2.39911,25.1233)
(-2.43361,4.08967)
(13.607,5.53569)
(4.69606,2.87515)
(5.40961,-16.6965)
(7.42096,-7.85158)
(12.2216,18.5194)
(19.9771,16.9419)
(-1.50463,2.71099)
(-11.813,16.6431)
(1.68375,13.8549)
(1.52042,2.91735)
(-12.4926,-21.8056)
(18.0109,5.93944)
(-3.01686,15.5092)
(-5.28106,-7.46526)
(-13.3256,-8.37902)
(-10.0915,-8.41695)
(-24.6503,-9.24817)
(-6.04478,2.60409)
(-30.8271,19.6976)
(23.2917,-4.33806)
(15.887,10.3513)
(8.60946,4.69296)
(-22.6796,-4.50157)
(6.10386,18.2864)
(18.5581,-2.19399)
(-3.37517,21.6943)
(-17.2258,9.86306)
(0.550276,18.6102)
(21.3534,16.7842)
(5.7747,-14.5968)
(4.92338,13.6544)
(-2.40736,-8.49478)
(-11.9987,-15.2948)
(-7.61034,22.9905)
(17.4537,19.8086)
(12.1825,-5.50502)
(-0.395801,-7.36837)
(7.87282,19.8807)
(-6.0764,-23.4424)
(-9.05107,-0.703369)
(5.63163,9.75726)
(21.1431,-14.1756)
(-13.7367,8.68345)
(-23.3531,-25.0074)
(-0.675227,3.88288)
(-22.4386,-4.19701)
(7.46469,-7.96109)
(6.2446,2.332)
(-13.4762,0.158967)
(16.8059,-0.945967)
(-41.1979,11.6572)
(9.61339,-5.53625)
(-27.4851,13.4518)
(-8.44882,-8.63483)
(14.7474,-9.60955)
(2.66627,-4.27586)
(-4.35031,10.6395)
(-2.83662,17.1213)
(-9.32143,-6.51941)
(10.0594,-18.1774)
(-11.2125,25.118)
(-4.5145,-8.89608)
(4.23035,23.9151)
(-4.67359,-5.669)
(-12.7532,-3.69038)
(-14.2467,-3.89105)
(17.7334,-5.18425)
(-22.9217,-22.5742)
(21.2258,-0.897022)
(-16.6524,9.01769)
(-13.598,12.5513)
(8.58815,4.14692)
(-7.29101,-19.1954)
(-15.3813,1.5185)
(-17.8372,3.91559)
(0.182824,0.750858)
(-8.5077,-0.76455)
(-5.1379,-13.9037)
(-2.9279,23.1111)
(-12.187,-14.2217)
(-4.3958,-12.0318)
(16.9192,-4.98737)
(1.5513,-2.9529)
(18.022,-12.1526)
(0.628311,15.9768)
(3.65926,-5.10637)
(-2.13944,-3.19804)
(20.0567,6.47158)
(-21.0134,-6.19704)
(-19.9878,5.05408)
(-11.8199,-12.5963)
(25.8399,-5.58777)
(4.8213,1.54974)
(5.00097,-4.53018)
(-11.0979,0.25712)
(-33.1807,-13.6099)
(8.63002,-8.38627)
(-1.10133,-25.8591)
(15.7823,2.79239)
(7.01695,-6.89791)
(-6.12661,-17.0023)
(-14.5617,-32.5853)
(8.01086,21.5147)
(27.1373,-18.3171)
(15.7001,14.0261)
(17.6748,-7.78313)
(-30.0104,2.53728)
(-18.8559,8.6553)
(16.1916,-13.4757)
(10.1203,0.641691)
(-5.76927,29.3765)
(4.27022,5.72763)
(1.41245,-24.1788)
(-13.9662,3.68468)
(-1.95639,0.261428)
(-5.87667,10.1733)
(8.36857,-6.28483)
(6.21072,-15.3767)
(-11.3175,-0.56223)
(26.3985,3.05098)
(19.391,-8.0126)
(-31.218,-6.80476)
(-24.8274,4.98084)
(-4.53425,20.3807)
(-17.4078,4.37018)
(-26.1409,-18.556)
(-9.73606,11.3475)
(-8.33481,17.1441)
(22.3025,-7.56757)
(5.93679,0.988992)
(29.2884,8.75849)
(1.81519,-10.8339)
(36.0912,4.95155)
(18.0552,27.1177)
(0.57668,21.259)
(-28.9357,13.4574)
(10.1926,-1.72607)
(14.0949,2.24587)
(1.67643,-12.6179)
(-5.86022,-1.4693)
(14.7643,-5.63356)
(13.4215,-5.98778)
(-7.95588,10.9509)
(-11.0189,-22.681)
(-16.2887,29.0378)
(10.2535,16.5586)
(-6.68183,-6.6903)
(9.89341,-8.63553)
(5.4785,-22.4338)
(13.4425,13.7308)
(6.09914,1.25353)
(2.87681,1.44952)
(-13.559,-1.90047)
(11.3419,-17.6394)
(5.27871,-6.44408)
(6.09462,5.57073)
(17.4676,-11.0704)
(2.40083,5.46386)
(-18.5008,-15.1634)
(-9.86784,18.0704)
(-5.98924,-3.23989)
(-22.6086,-11.4781)
(9.11779,-1.84549)
(14.5325,-14.7976)
(9.76978,-7.67296)
(14.8542,14.6004)
(-13.8408,-5.89049)
(-2.91924,1.33008)
(-11.5708,15.5895)
(-20.5468,-14.8465)
(3.22268,13.6556)
(-19.4399,-24.4918)
(19.4565,8.59182)
(6.98959,-11.6094)
(4.80031,-19.7708)
(13.8244,-6.26527)
(11.1295,10.122)
(-2.5059,14.248)
(17.0828,-33.7207)
(1.72208,4.01844)
(-9.95101,-0.363509)
(-31.3125,-3.66161)
(-12.9305,2.95172)
(4.78726,0.0375763)
(28.1818,-2.78548)
(16.2247,7.28863)
(30.961,-29.0926)
(21.695,-0.00903597)
(5.01565,10.5456)
(0.176827,2.94107)
(3.13018,24.6942)
(14.3665,-5.0595)
(-11.1995,-0.798702)
(5.81101,-6.67387)
(-16.9473,-7.88138)
(-1.95049,26.5687)
(14.7306,3.66205)
(11.7833,0.75665)
(-4.4247,7.58561)
(12.7244,0.64102)
(-19.8726,1.6801)
(8.16918,20.0408)
(4.92339,-3.87234)
(-13.6052,1.59313)
(-6.29234,19.1572)
(14.3068,-1.74142)
(-5.44161,1.54277)
(-11.374,6.4829)
(-15.6233,-7.96586)
(5.98139,-14.1353)
(-8.98243,-7.56069)
(-1.04413,-7.74805)
(-16.8794,21.7598)
(-29.6317,-7.86803)
(-1.44725,-2.35579)
(-29.3666,1.7444)
(11.6577,-13.4848)
(3.77039,4.23999)
(-3.04035,-24.5486)
(13.6268,-0.0981325)
(10.9675,-9.84886)
(12.7877,-10.8977)
(8.17303,-7.70511)
(2.23649,12.2076)
(-8.93998,27.937)
(-9.08054,23.4966)
(17.9547,-2.24783)
(19.7336,-23.1795)
(-8.84266,2.75837)
(-12.5814,-7.70205)
(-9.24209,-11.5517)
(-13.4004,19.7191)
(-1.37307,13.4252)
(-8.12597,3.34011)
(5.30893,-8.48676)
(-3.45733,11.7612)
(10.9823,32.5175)
(-27.7447,-8.47121)
(-14.2598,-2.83592)
(-23.6525,-4.37003)
(17.7987,0.367336)
(6.0999,2.59626)
(3.43069,-5.03883)
(-4.17484,-11.0741)
(-5.05358,11.8966)
(2.01236,-16.4406)
(-7.71277,-10.9691)
(40.2157,-0.613766)
(-30.942,12.873)
(-7.56225,-8.56529)
(-2.29531,-2.11088)
(-4.5102,-4.66669)
(7.80639,21.4426)
(-5.19347,-3.21355)
(1.58988,20.7857)
(7.1,-4.87054)
(-2.25004,-1.18912)
(-8.79997,-3.31008)
(15.2472,5.73137)
(4.60935,-16.7336)
(-9.69701,6.84533)
(-0.180969,21.9612)
(11.407,12.1222)
(5.47754,-2.31575)
(5.90365,4.08014)
(-3.26501,-3.58393)
(7.34544,5.39015)
(10.9202,-6.42904)
(-3.63057,3.6657)
(-7.82181,-17.7806)
(-5.20985,-12.8357)
(11.0494,16.522)
(-14.5203,-27.6608)
(6.80928,15.332)
(30.2819,6.60093)
(6.32425,32.0797)
(9.09842,-2.73606)
(8.65081,2.79912)
(-1.18578,1.15335)
(-16.3402,2.11123)
(-0.301917,-1.21271)
(-15.2856,6.22769)
(0.812161,16.2968)
(-6.77804,7.04946)
(-0.872117,5.33322)
(9.53671,-14.9571)
(4.4814,4.46673)
(0.783563,-18.2774)
(-1.46796,21.3608)
(2.86009,20.8197)
(6.76329,-3.31393)
(0.752482,9.94651)
(-11.0556,13.9493)
(-5.20555,-18.6864)
(-6.54286,-8.94045)
(7.8863,-6.30559)
(7.76834,-4.39402)
(-13.7406,-10.6146)
(-20.3675,-1.56024)
(6.68987,7.1984)
(3.76667,-18.6006)
(-14.4236,7.46809)
(-12.6165,-17.2486)
(1.55985,-22.3217)
(1.05459,-16.8292)
(13.6796,9.97709)
(-0.00295678,19.3883)
(20.8011,-0.195998)
(11.9306,8.79044)
(-6.51335,-8.28071)
(4.10247,21.7964)
(16.301,12.2831)
(8.52133,-12.0928)
(25.371,12.5352)
(-1.16185,-1.6937)
(-9.86927,9.23734)
(2.12945,-23.6006)
(2.04706,-1.53008)
(40.7329,23.0293)
(-8.65838,-13.0579)
(2.56287,10.4775)
(-5.96177,-3.92208)
(-12.3173,10.1543)
(-1.75747,-7.11533)
(13.9547,9.00603)
(-20.5437,-10.857)
(-12.4105,-8.22629)
(3.97435,-15.538)
(8.79968,-16.5821)
(-11.2805,-10.3607)
(-14.085,-1.69496)
(-4.44528,33.1497)
(9.72663,-12.9847)
(-11.7769,4.76908)
(6.35952,4.65948)
(-17.5571,11.5195)
(25.5321,-23.7594)
(13.0379,8.90313)
(-13.6354,-1.031)
(-11.5143,-12.174)
(-10.5856,5.83615)
(-4.48162,-16.6349)
(7.83661,25.1407)
(6.39784,-13.5335)
(-3.54813,-3.32393)
(15.2262,-2.70464)
(-11.2169,-4.7238)
(22.428,5.32992)
(7.55462,-10.7876)
(-6.97549,12.4289)
(13.2981,-0.64551)
(0.568939,-0.131141)
(-1.09528,6.59036)
(-7.28561,-6.79042)
(28.724,1.44137)
(0.606189,20.9813)
(-17.1371,-20.6006)
(21.9544,31.5765)
(13.6353,8.34835)
(-9.24429,-18.8051)
(-0.0169173,9.76947)
(-5.13648,2.9981)
(-10.7231,1.96446)
(20.9145,7.48279)
(18.0115,0.637897)
(-13.5768,-19.9364)
(-7.04159,-9.29836)
(-8.84761,18.7985)
(20.9182,9.75891)
(-5.42572,-5.03807)
(-17.4635,1.74554)
(-14.871,-10.1329)
(18.3956,-0.641871)
(14.595,3.18457)
(20.2451,-0.618605)
(-0.0634376,-15.9534)
(-0.544019,-13.5407)
(4.37488,-9.36613)
(-11.4994,-22.1743)
(-9.1816,-10.8709)
(19.5913,-4.52836)
(-16.4867,40.5585)
(18.4844,-1.36141)
(-4.21583,5.50687)
(8.16081,6.63134)
(1.43499,4.57095)
(-0.206911,-11.5812)
(-5.44424,-3.4034)
(-10.7341,-8.23714)
(2.01363,-12.0287)
(1.00831,-14.1205)
(30.8552,-2.5736)
(-7.49781,-15.9329)
(-3.88633,7.06991)
(-2.79052,-5.14774)
(-15.8121,0.106415)
(-38.3517,8.69491)
(-23.1361,13.003)
(-4.94838,-13.0013)
(17.3479,-4.7862)
(13.0785,-1.16629)
(21.7132,0.202093)
(18.2491,-14.254)
(-20.8705,-1.83928)
(-0.830038,6.31054)
(14.6502,-2.92567)
(3.59049,22.6451)
(0.735663,14.416)
(10.6898,-21.6977)
(9.83569,18.7233)
(8.99332,-2.13997)
(12.0855,3.12092)
(7.01649,2.70834)
(-8.08626,1.1384)
(0.566344,-15.9033)
(-5.28822,20.0868)
(13.8681,1.09017)
(-11.7253,-2.88237)
(20.3783,-3.45059)
(-7.35266,-8.57943)
(29.0144,-22.5623)
(-14.3562,1.41434)
(-1.68286,7.06338)
(-2.3619,-25.5702)
(-6.20354,7.74841)
(-3.05175,-3.83574)
(8.12245,25.3548)
(-16.9286,-11.6738)
(-6.61477,8.50329)
(5.98617,-0.769751)
(-12.1363,-21.369)
(1.84898,-5.19994)
(13.6807,9.77406)
(4.61319,20.0385)
(-8.57409,1.55054)
(-23.272,-4.68811)
(4.67167,4.1153)
(-3.60436,4.88636)
(-8.55138,10.3697)
(15.3025,8.16601)
(-11.7702,-1.92327)
(-16.7409,-17.1496)
(-9.74079,18.0209)
(21.3391,27.6766)
(-17.547,32.3993)
(0.555765,28.4457)
(-2.67399,18.9623)
(-8.21747,6.17158)
(1.89264,-9.50465)
(-18.9413,-22.9429)
(6.21723,-4.94385)
(-11.9906,16.7616)
(4.18028,-21.1963)
(0.407499,14.5134)
(-20.3873,4.82852)
(6.34829,29.312)
(16.8931,-30.2926)
(12.7733,0.272937)
(12.8523,15.678)
(7.9535,-7.87759)
(-11.6712,1.64717)
(2.38098,-1.25224)
(18.2783,3.27762)
(15.5779,-8.34033)
(-1.56767,8.21961)
(-12.3974,17.4712)
(5.55891,-8.88333)
(-5.36741,0.987533)
(23.7015,9.65483)
(15.8442,-13.9397)
(-0.127606,-11.9978)
(-8.11459,8.45956)
(-6.64883,-14.8596)
(4.53161,-4.79748)
(-6.62001,-2.15463)
(14.4972,-1.21111)
(-32.1604,-8.29387)
(8.26755,0.939)
(3.71805,9.11208)
(-4.0733,2.05209)
(-2.73017,-7.27257)
(-17.8838,6.63652)
(-12.7739,-5.79516)
(-6.78965,4.37672)
(17.2979,-6.34626)
(17.9872,-0.352781)
(14.804,-8.51588)
(-0.2727,-4.18338)
(-2.6688,9.28854)
(20.6569,1.52987)
(-9.2948,25.7818)
(3.74791,-5.39032)
(19.4033,16.9905)
(-14.7631,-25.8724)
(-4.94051,5.12235)
(8.33593,13.5495)
(5.23488,2.24762)
(-13.7496,-10.6795)
(9.032,-5.53019)
(2.92746,-7.56577)
(-12.6923,0.627111)
(20.3276,16.5165)
(15.0946,0.710553)
(-0.0558175,8.29363)
(13.9232,-0.189621)
(-11.3265,17.0158)
(24.2961,10.3555)
(-26.2322,-4.80677)
(11.1271,11.6773)
(-12.0043,7.44544)
(-4.52127,8.00567)
(16.003,-5.89567)
(-6.84843,-6.30369)
(-11.2217,5.00837)
(-40.495,-27.0802)
(-9.33028,-9.33167)
(-19.4876,-4.87577)
(-3.23663,-5.52142)
(-20.1106,7.23269)
(-12.3239,2.23663)
(-31.6247,6.53119)
(-3.20081,-4.641)
(-3.36468,-4.09981)
(-10.7737,27.8433)
(-14.5734,-8.28686)
(-9.44007,-13.4926)
(-2.32369,5.76991)
(24.2434,21.7978)
(9.59307,0.206812)
(4.27316,-8.22722)
(-7.70952,13.2908)
(-11.7919,-2.79079)
(1.64804,6.17617)
(6.36989,15.2321)
(4.94803,13.7596)
(-1.57066,2.14263)
(4.32463,20.6021)
(-1.0431,6.42971)
(3.23698,5.70329)
(-0.302405,-4.51823)
(9.67214,12.8762)
(1.88859,12.1997)
(-5.76262,35.0632)
(0.433865,-1.60061)
(-26.5493,20.9042)
(8.25241,-4.56821)
(24.0279,-25.5611)
(15.6563,-24.831)
(-6.42314,6.54101)
(12.7991,-7.72307)
(-6.17249,8.38234)
(-12.6619,-5.50389)
(-10.5843,-16.4513)
(10.6966,-23.661)
(26.868,5.51639)
(-25.3817,-2.82482)
(7.72712,-24.4436)
(-4.47699,11.5772)
(10.3056,2.93183)
(8.06795,-4.25659)
(-6.73435,-22.15)
(13.9484,-1.51523)
(2.49316,8.09472)
(4.7738,3.87426)
(6.77494,-3.6822)
(-11.7014,4.90055)
(-34.2154,-1.54382)
(-4.48082,-3.51884)
(15.3832,-3.44278)
(13.7911,-30.7514)
(10.2273,7.11125)
(6.95748,12.4199)
(-13.452,-8.74278)
(1.7988,4.34163)
(18.4637,13.8507)
(-12.0824,-7.57119)
(-13.1803,-10.083)
(-23.2116,-22.2293)
(-17.6307,-1.81945)
(-12.7245,18.6947)
(-17.7029,20.9986)
(-4.56897,-25.6943)
(27.6247,9.43662)
(-2.38421,-6.40333)
(-6.52693,-4.60758)
(9.59552,-1.89257)
(10.6099,3.13654)
(9.12583,-13.2083)
(8.62967,-5.96438)
(25.8993,-0.993941)
(9.47261,-5.22341)
(3.81523,-10.2052)
(-9.05338,9.03274)
(8.11072,6.1128)
(-9.99714,4.0376)
(-11.3919,-6.13343)
(-4.18398,25.3451)
(9.345,14.2757)
(-10.3212,3.35152)
(-1.01096,-3.36942)
(-17.2652,-10.3856)
(3.99388,3.35223)
(7.30682,-11.2031)
(6.95355,20.7252)
(12.9586,7.0019)
(-10.0851,-4.40218)
(17.2697,11.1367)
(0.689634,-6.24448)
(-19.5757,1.27074)
(-8.99049,-13.6825)
(-0.0743591,-4.71283)
(-19.0721,19.5733)
(-7.97827,2.10305)
(11.8765,-12.1004)
(1.17219,12.0356)
(-3.08339,32.2225)
(7.2951,-9.95824)
(1.36803,0.789551)
(-18.7947,-26.5794)
(5.5212,-4.53286)
(-21.9693,23.3911)
(3.8242,-3.70367)
(-14.3189,3.74318)
(5.05111,-4.86834)
(18.8611,-14.0744)
(9.18519,9.61067)
(1.5489,-8.92143)
(-14.663,12.9529)
(26.553,-25.0654)
(2.34471,14.257)
(17.0541,-4.76582)
(-21.0832,-16.1626)
(-12.6652,13.0865)
(-13.0616,25.0695)
(13.9322,24.7686)
(-29.1537,2.65534)
(0.72424,1.43012)
(12.587,-13.685)
(-4.96603,10.8034)
(23.7775,-11.7797)
(2.98714,-6.53216)
(0.550057,8.56608)
(-5.32096,9.38752)
(14.1035,-19.4724)
(-3.22407,2.18172)
(-8.01304,-0.40717)
(-14.758,19.393)
(23.0131,22.374)
(14.7666,-4.96726)
(21.7848,-26.1798)
(-22.0502,-22.0398)
(19.4958,7.23474)
(-23.9818,18.9426)
(10.175,-27.3799)
(19.379,-15.3793)
(-1.35606,0.206399)
(11.0766,-3.95677)
(-14.184,-14.8838)
(11.6331,10.9138)
(-4.92808,-9.5468)
(20.9986,-7.16707)
(5.21894,34.818)
(12.3235,7.52091)
(14.3968,0.151681)
(-20.6209,-17.3562)
(-6.90946,27.1256)
(-16.8452,-5.34093)
(-1.51663,-3.70044)
(4.16922,-1.68995)
(-1.65861,-2.21639)
(16.9866,-29.064)
(-14.0406,-8.75121)
(27.2496,6.22204)
(-4.69231,-1.36441)
(-17.2905,-8.04048)
(18.4312,-32.5255)
(13.7477,-19.0374)
(15.0512,-16.0004)
(14.8545,-11.4626)
(-4.43813,-3.14929)
(-8.55491,-3.28931)
(-6.91771,8.68315)
(-3.35419,11.0115)
(-6.93716,10.0695)
(4.33126,8.077)
(8.78484,-1.79108)
(-4.62558,6.90283)
(-7.09399,-19.1007)
(-2.05013,8.57703)
(2.71907,-3.25928)
(-20.6981,-1.87069)
(-4.31899,17.4957)
(-10.514,8.6521)
(-0.242935,10.9192)
(-33.4947,2.50857)
(22.7306,-8.01886)
(1.62909,-12.074)
(9.6298,10.5186)
(-5.50446,-7.62021)
(11.3778,-12.1566)
(6.09211,-9.25754)
(6.91908,-17.2913)
(-10.6157,-13.0325)
(-10.7525,-11.8791)
(-3.73563,14.2183)
(-3.63492,3.95986)
(12.8105,11.1939)
(-0.604894,9.25918)
(-6.39695,2.31288)
(19.9509,3.17791)
(-7.94701,13.3461)
(-8.38799,2.0479)
(-5.38283,5.27586)
(-20.4622,1.1158)
(-2.02614,7.27467)
(-23.5833,-1.2972)
(-13.0453,27.552)
(12.0833,3.83051)
(5.49938,-4.61747)
(0.734719,-22.2998)
(-6.77962,15.8259)
(-2.43269,4.46459)
(14.2207,1.76835)
(-39.3706,-1.22857)
(-41.51,-5.98619)
(-19.2158,2.99651)
(-8.76167,-3.53039)
(12.2847,11.4963)
(23.3727,-42.9002)
(-0.240227,-0.645167)
(12.4842,-3.26716)
(0.166398,15.1574)
(-2.01519,-8.64039)
(2.36587,3.7087)
(-7.00304,-4.49052)
(-5.73277,-12.5491)
(-6.9307,-6.18887)
(-23.4368,38.9194)
(1.82567,-7.21494)
(24.5336,-3.48812)
(-20.8969,1.09588)
(-11.0737,-0.793294)
(10.0861,1.6363)
(0.769014,6.66704)
(24.924,11.0016)
(-4.53041,-10.0438)
(15.4521,5.35539)
(27.7764,14.3693)
(8.87298,-4.24561)
(-29.7221,9.46054)
(-7.03497,22.7256)
(3.39874,-10.1576)
(-29.8545,16.0713)
(0.572864,8.08884)
(1.90277,1.06102)
(-9.8371,10.7439)
(-9.12726,-7.98596)
(10.1744,8.38434)
(13.7186,-9.57152)
(15.2172,-26.2403)
(4.23255,3.44461)
(10.0793,-15.6812)
(4.49352,-25.116)
(15.7931,-8.85635)
(-31.6618,3.12326)
(-2.43017,28.2509)
(9.85003,4.99861)
(18.0048,-10.5364)
(-4.26827,-4.26883)
(-13.0409,6.31759)
(39.6171,10.6448)
(1.55966,32.2765)
(10.2599,8.4677)
(15.4579,3.3051)
(5.74398,-11.6907)
(15.1101,-2.30775)
(-12.8341,-13.5215)
(5.38016,11.9533)
(10.2772,-1.06642)
(5.88807,-26.4502)
(-2.08908,-17.9589)
(2.26948,-14.054)
(-30.7328,1.57578)
(-1.59787,10.8836)
(1.8773,-12.8059)
(-37.5051,-12.6059)
(41.4736,-2.61066)
(-5.32057,13.2769)
(-6.84381,-10.333)
(-1.18702,24.4252)
(9.2256,13.8901)
(-16.8303,8.09923)
(24.5822,17.6887)
(19.4015,28.3581)
(8.51198,-2.8821)
(4.52088,21.9746)
(6.01041,-0.149267)
(-28.761,9.49972)
(6.20643,-4.59885)
(-0.895052,-3.40071)
(24.0051,9.84563)
(-16.6171,13.1012)
(-2.00138,-10.8864)
(12.4305,20.033)
(12.3546,9.83567)
(-6.83788,-18.3882)
(-19.2695,7.32422)
(11.15,19.6822)
(-8.45888,-12.7554)
(28.0609,-1.91015)
(1.8256,-18.45)
(6.43294,4.85505)
(5.58191,0.44057)
(-2.93825,-6.83061)
(-17.3798,-21.6265)
(3.89627,-20.3195)
(13.8422,-6.25558)
(-6.73473,-8.25074)
(16.5558,2.44016)
(25.4694,-8.83949)
(-10.9433,-14.982)
(16.0144,-9.06026)
(6.21372,0.548938)
(9.13227,-36.4767)
(-4.17594,-6.48039)
(-31.6186,-25.9069)
(33.9157,14.2363)
(-4.15721,12.1688)
(-10.2988,1.98488)
(14.521,-18.1346)
(-10.7171,-10.6266)
(0.283397,-5.82536)
(5.64752,15.0492)
(5.87443,4.23807)
(-9.24936,1.44933)
(8.63139,6.87803)
(-20.7159,-9.35966)
(-31.1324,-3.61523)
(-3.6908,26.1741)
(-25.891,-2.60579)
(-13.0711,23.8282)
(8.16633,-2.6438)
(-6.40337,-15.0064)
(3.97361,-6.2565)
(3.27592,-6.28085)
(-22.3125,19.4334)
(14.9676,10.9418)
(-8.1679,25.4414)
(10.9991,6.34005)
(-3.24293,1.63351)
(3.00315,8.78436)
(1.48431,10.8856)
(-16.9208,-4.01748)
(10.4358,13.2869)
(-6.48624,-6.42527)
(-0.316031,10.2107)
(3.81514,15.0975)
(11.6415,3.82139)
(-14.0938,-14.859)
(20.6272,19.3799)
(6.82409,-4.28176)
(4.2984,-6.35643)
(9.45832,23.588)
(0.796858,13.4643)
(15.4137,1.65745)
(10.3927,11.2786)
(-17.2515,-19.6712)
(-18.8584,4.1219)
(35.0882,4.73414)
(25.0897,-22.1873)
(-26.1143,4.73763)
(0.401972,6.82989)
(20.8031,-3.67933)
(25.2495,12.922)
(14.8615,6.29391)
(11,1.53763)
(-29.6768,0.417601)
(-0.574724,-0.356931)
(-15.895,-36.9747)
(8.4393,-18.3821)
(-24.244,-9.13898)
(-0.90805,21.2971)
(-12.654,7.53915)
(23.3859,13.1364)
(-10.624,17.4712)
(10.1502,-0.244613)
(-0.0341547,10.5017)
(10.8309,10.7971)
(20.6244,8.63101)
(3.39445,-10.7402)
(-17.4792,4.74134)
(-5.6397,8.62735)
(-30.6601,-17.2103)
(-6.51197,1.34655)
(-2.89884,6.6232)
(-6.54682,6.58749)
(7.73129,30.0702)
(0.884706,4.99751)
(-11.9022,-6.12974)
(10.297,11.2337)
(-14.506,-1.02684)
(4.0853,-9.04271)
(-3.66221,-11.4918)
(20.2512,7.66455)
(16.7286,31.6831)
(-25.5753,0.711682)
(11.0357,14.042)
(7.49142,13.7014)
(14.7507,-1.38404)
(4.74379,0.101328)
(-14.4024,-18.2886)
(-18.3166,-7.07881)
(4.56948,-15.2204)
(2.89621,-16.653)
(0.629418,1.65517)
(10.2479,9.10478)
(-16.915,7.96425)
(-16.6994,19.0218)
(7.87824,29.5554)
(2.87533,-25.3272)
(-0.255681,19.3509)
(0.50212,3.39694)
(-0.595551,-18.991)
(-5.01095,10.3088)
(-29.8296,6.07853)
(6.90565,-2.41384)
(5.08379,-6.16446)
(1.80351,10.4913)
(9.78037,-35.4348)
(29.5978,14.1961)
(-8.12606,6.38528)
(-18.1321,-26.6119)
(-9.33039,2.09473)
(-6.0475,-12.4863)
(11.2011,24.2964)
(4.17019,10.8266)
(-5.09759,-3.07662)
(11.9636,-11.0557)
(-14.7632,11.4381)
(2.41955,14.9175)
(-17.6884,-9.13286)
(1.08788,17.7785)
(-12.7238,-2.32097)
(-10.0898,-3.08344)
(-1.23987,-15.8397)
(-8.68015,9.56472)
(-2.07689,-7.85369)
(-10.9062,-5.23865)
(3.61194,2.76011)
(1.56845,20.0711)
(12.4223,12.7459)
(4.90743,-5.45936)
(-8.84725,4.56465)
(-5.13548,20.4565)
(6.83256,-5.12898)
(-4.29567,-8.03812)
(-20.2194,27.081)
(-11.0473,3.52527)
(0.341901,14.787)
(25.8075,-12.1076)
(-9.40697,-10.2649)
(-15.9129,-25.9146)
(-25.1745,-25.1081)
(5.3658,-12.352)
(4.85102,-0.28086)
(-0.514098,-17.8173)
(-14.0443,-14.032)
(-6.15863,5.56404)
(-2.30009,-8.60713)
(-10.0488,6.00902)
(-20.2769,23.9931)
(-6.19909,-10.354)
(-13.3358,-20.6)
(2.06778,-22.5424)
(6.4199,-3.08373)
(0.358064,-2.76138)
(5.64939,-2.70369)
(9.0705,-20.2561)
(-11.2701,2.70964)
(17.0359,8.69741)
(-2.70414,-5.49647)
(-2.80251,3.71251)
(-3.2775,-9.95687)
(-3.46103,-14.7006)
(-2.32261,-7.70918)
(-21.1454,-12.4267)
(-14.4315,3.19295)
(-0.255996,-20.6131)
(-4.6131,1.97798)
(9.36732,-17.3403)
(7.68067,18.3476)
(-9.30816,12.9307)
(-3.01471,-15.9683)
(-12.2659,-4.72705)
(-30.4132,-10.8767)
(-4.9782,-12.1535)
(15.5202,-1.79195)
(3.66717,3.12436)
(7.44358,-15.1984)
(18.1374,5.29613)
(-6.25326,-1.52039)
(-19.2762,-8.21035)
(19.4095,7.89407)
(3.50937,-8.11396)
(11.5233,6.70678)
(19.1513,-11.2032)
(-4.20355,11.8719)
(2.03225,-3.02994)
(13.7903,-7.50951)
(-14.0352,-3.91758)
(-5.15666,-8.27882)
(9.85884,10.1238)
(20.0091,13.5518)
(10.7983,-16.8644)
(-9.9755,4.46783)
(-6.43729,15.837)
(5.22665,-12.2265)
(-13.2327,1.81409)
(-5.5153,4.4237)
(-12.7924,-0.761487)
(24.7807,-19.83)
(-1.69013,4.31919)
(-10.2152,-31.042)
(8.20562,-8.87761)
(-14.6578,-9.96943)
(21.9323,29.7644)
(-12.8702,-3.6809)
(13.0053,11.9606)
(7.0365,-15.9196)
(3.75444,-9.5941)
(27.8609,14.5602)
(7.04757,7.09202)
(16.5227,3.06478)
(-7.2787,-34.7663)
(15.5715,-23.816)
(-2.88825,-16.6201)
(11.2017,-5.87612)
(22.5877,-5.05278)
(10.8933,16.2341)
(1.83157,-7.02867)
(-35.9215,-11.2066)
(10.5003,-3.07725)
(-11.3335,-0.875564)
(-15.525,-17.0894)
(-11.1531,17.7758)
(-7.38904,-12.8919)
(17.3337,5.13668)
(-4.64599,9.37446)
(-15.3504,-8.1632)
(-19.6505,8.17905)
(-1.21662,-0.517083)
(21.2364,10.197)
(-11.7911,8.25523)
(20.1756,-9.01679)
(-11.2432,52.0568)
(13.2675,15.1835)
(5.68673,-18.2521)
(7.35116,8.99875)
(1.19169,-12.9048)
(-5.29188,6.15506)
(24.6401,-11.301)
(-6.55024,3.37237)
(5.5059,-5.40583)
(-11.8952,-9.20958)
(-7.7898,-3.98781)
(-10.6487,11.3561)
(15.5132,9.58427)
(9.83549,12.453)
(-4.84168,-7.17083)
(-17.5027,12.7586)
(13.207,-17.9772)
(-12.4976,2.76669)
(-12.4354,-1.07269)
(4.60552,-8.93382)
(11.1599,3.59928)
(-2.81419,-13.1645)
(-2.92737,-14.8893)
(-1.06312,19.7672)
(7.93926,-9.85206)
(14.7519,9.09815)
(11.2919,10.5338)
(7.14659,-2.08422)
(27.9291,-26.8136)
(-7.46857,14.1823)
(-1.6282,-15.1489)
(-11.6576,-27.4647)
(-27.8685,-2.39708)
(-21.8915,1.60753)
(-8.50147,16.3148)
(-1.13657,2.35124)
(-9.5141,-17.1051)
(8.74898,-13.4982)
(15.3782,10.1081)
(2.71443,19.5388)
(10.7256,-15.8878)
(-12.5254,-1.88501)
(-10.2333,6.66929)
(24.9929,-6.82935)
(6.06374,18.5115)
(-5.75184,0.81909)
(-3.65452,-3.21433)
(-29.7547,-21.5084)
(-23.2856,17.5681)
(-1.49946,14.5598)
(-5.66619,-1.53329)
(-15.456,14.1914)
(31.7656,-1.92667)
(12.6675,-1.79532)
(4.77051,-17.4389)
(2.10151,-22.5463)
(-8.58505,26.1626)
(4.3418,8.9615)
(-22.7045,13.9619)
(28.6865,21.4669)
(-30.2472,4.23083)
(10.0395,-1.29756)
(-28.3354,-10.8809)
(-7.14421,8.80025)
(-12.3923,21.3181)
(4.06341,-0.0740784)
(10.9346,-0.747979)
(-3.77686,-7.70123)
(-3.37588,2.55454)
(-9.51093,-1.53547)
(22.8594,8.11204)
(-10.004,-14.1777)
(15.9243,8.08121)
(1.16849,-9.03284)
(12.6262,13.3157)
(9.1276,14.8788)
(19.7379,-29.9084)
(21.1625,-6.23449)
(-16.9174,-19.3757)
(-12.548,-4.30113)
(-20.7381,0.541942)
(0.272292,17.4295)
(-1.05708,-1.77076)
